                                                                                                                                                      песок     цемент           котлован
Арти           Наименование            Ед. иКолЦена  Стоимость марка стпроирасч фесгл зисполСебестоимонтаж ПНР   РШМ   якоредл    шир   выс   утепводавручнтехнивручную техника 0вручнуютехникапрошири
                                                                                                                                                                кг  мешокг   мешо0,2    0,4
00-0Станция БиоДека 3 С 600            шт.    169 300    65 900БиоДека         3  С 600БиоДе  48 510 14 000 7 50012 500       1,06  1,06  1,84   3 1,1 2,72 5,43                    4,35   7,06500
00-0Станция БиоДека 3 П 600            шт.    171 300    67 900БиоДека         3  П 600БиоДе  49 910 14 000 7 50012 500       1,06  1,06  1,84   3 1,1 2,72 5,43                    4,35   7,06500
00-0Станция БиоДека 5 С 800            шт.    176 600    73 200БиоДека         5  С 800БиоДе  49 790 16 000 7 50012 500       1,06  1,06  2,34   3 1,4 3,35 6,72                    5,41   8,79500
00-0Станция БиоДека 5 П 800            шт.    178 600    75 200БиоДека         5  П 800БиоДе  51 090 16 000 7 50012 500       1,06  1,06  2,34   3 1,4 3,35 6,72                    5,41   8,79500
00-0Станция БиоДека 5 С 1300           шт.    183 680    79 500БиоДека         5  С1 30БиоДе  54 392 19 000 7 50012 500       1,06  1,06  2,84   3 1,4 3,97 8,01                    6,48  10,52800
00-0Станция БиоДека 5 П 1300           шт.    185 680    81 500БиоДека         5  П1 30БиоДе  55 692 19 000 7 50012 500       1,06  1,06  2,84   3 1,4 3,97 8,01                    6,48  10,52800
00-0Станция БиоДека 5 С 1800           шт.    1107 89   102 500БиоДека         5  С1 80БиоДе  70 129 21 000 7 50012 500       1,06  1,06  3,34   3 1,4 4,60 9,30                    7,55  12,25800
00-0Станция БиоДека 5 П 1800           шт.    1109 89   104 500БиоДека         5  П1 80БиоДе  71 429 21 000 7 50012 500       1,06  1,06  3,34   3 1,4 4,60 9,30                    7,55  12,25800
00-0Станция БиоДека 8 С 800            шт.    1102 98    97 900БиоДека         8  С 800БиоДе  66 937 18 000 8 50013 500       1,35  1,35  2,35   4 2,2 4,45 8,42                    7,81  11,79500
00-0Станция БиоДека 8 П 800            шт.    1104 98    99 900БиоДека         8  П 800БиоДе  68 237 18 000 8 50013 500       1,35  1,35  2,35   4 2,2 4,45 8,42                    7,81  11,79500
00-0Станция БиоДека 8 С 1300           шт.    1113 35   107 700БиоДека         8  С1 30БиоДе  73 678 21 000 8 50013 500       1,35  1,35  2,85   4 2,2 5,2610,02                    9,34  14,10800
00-0Станция БиоДека 8 П 1300           шт.    1115 35   109 700БиоДека         8  П1 30БиоДе  74 978 21 000 8 50013 500       1,35  1,35  2,85   4 2,2 5,2610,02                    9,34  14,10800
00-0Станция БиоДека 8 С 1800           шт.    1124 70   118 500БиоДека         8  С1 80БиоДе  81 055 23 000 8 50013 500       1,35  1,35  3,35   4 2,2 6,0811,61                   10,87  16,41800
00-0Станция БиоДека 8 П 1800           шт.    1126 70   120 500БиоДека         8  П1 80БиоДе  82 355 23 000 8 50013 500       1,35  1,35  3,35   4 2,2 6,0811,61                   10,87  16,41800
00-0Станция БиоДека 10 С 800           шт.    1129 78   123 300БиоДека        10  С 800БиоДе  84 357 21 000 9 50014 500        1,6   1,6  2,35   5 3,1 5,48 9,96                   10,20  14,69500
00-0Станция БиоДека 10 П 800           шт.    1131 78   125 300БиоДека        10  П 800БиоДе  85 657 21 000 9 50014 500        1,6   1,6  2,35   5 3,1 5,48 9,96                   10,20  14,69500
00-0Станция БиоДека 10 С 1000          шт.    1136 82   130 000БиоДека        10  С1 00БиоДе  88 933 22 000 9 50014 500        1,6   1,6  2,56   5 3,1 5,8910,75                   11,04  15,90600
00-0Станция БиоДека 10 П 1000          шт.    1138 82   132 000БиоДека        10  П1 00БиоДе  90 233 22 000 9 50014 500        1,6   1,6  2,56   5 3,1 5,8910,75                   11,04  15,90600
00-0Станция БиоДека 10 С 1500          шт.    1158 00   150 100БиоДека        10  С1 50БиоДе 102 700 25 000 9 50014 500        1,6   1,6  3,06   5 3,1 6,8912,63                   13,04  18,78800
00-0Станция БиоДека 10 П 1500          шт.    1160 00   152 100БиоДека        10  П1 50БиоДе 104 000 25 000 9 50014 500        1,6   1,6  3,06   5 3,1 6,8912,63                   13,04  18,78800
00-0Станция БиоДека 15 С 800           шт.    1158 94   151 000БиоДека        15  С 800БиоДе 103 311 24 00010 50015 500       2,00  2,00  2,36   6 4,9 7,3312,66                   14,75  20,07500
00-0Станция БиоДека 15 П 800           шт.    1160 94   153 000БиоДека        15  П 800БиоДе 104 611 24 00010 50015 500       2,00  2,00  2,36   6 4,9 7,3312,66                   14,75  20,07500
00-0Станция БиоДека 15 С 1000          шт.    1169 00   160 600БиоДека        15  С1 00БиоДе 109 850 25 00010 50015 500       2,00  2,00  2,57   6 4,9 7,8813,64                   15,96  21,72600
00-0Станция БиоДека 15 П 1000          шт.    1171 00   162 600БиоДека        15  П1 00БиоДе 111 150 25 00010 50015 500       2,00  2,00  2,57   6 4,9 7,8813,64                   15,96  21,72600
00-0Станция БиоДека 15 С 1500          шт.    1176 84   168 000БиоДека        15  С1 50БиоДе 114 946 28 00010 50015 500       2,00  2,00  3,07   6 4,9 9,1915,99                   18,84  25,64800
00-0Станция БиоДека 15 П 1500          шт.    1178 84   170 000БиоДека        15  П1 50БиоДе 116 246 28 00010 50015 500       2,00  2,00  3,07   6 4,9 9,1915,99                   18,84  25,64800
00-0Станция БиоДека 20 С 800           шт.    1215 05   204 300БиоДека        20  С 800БиоДе 139 783 26 00011 50016 500       2,16  2,16  2,36   6 5,7 8,1313,78                   16,78  22,43500
00-0Станция БиоДека 20 П 800           шт.    1217 05   206 300БиоДека        20  П 800БиоДе 141 083 26 00011 50016 500       2,16  2,16  2,36   6 5,7 8,1313,78                   16,78  22,43500
00-0Станция БиоДека 20 С 1000          шт.    1221 65   210 600БиоДека        20  С1 00БиоДе 144 073 27 00011 50016 500       2,16  2,16  2,57   6 5,8 8,7414,85                   18,15  24,27600
00-0Станция БиоДека 20 П 1000          шт.    1223 65   212 600БиоДека        20  П1 00БиоДе 145 373 27 00011 50016 500       2,16  2,16  2,57   6 5,8 8,7414,85                   18,15  24,27600
00-0Станция БиоДека 20 С 1500          шт.    1236 42   224 600БиоДека        20  С1 50БиоДе 153 673 30 00011 50016 500       2,16  2,16  3,07   6 5,810,1817,40                   21,43  28,65800
00-0Станция БиоДека 20 П 1500          шт.    1238 42   226 600БиоДека        20  П1 50БиоДе 154 973 30 00011 50016 500       2,16  2,16  3,07   6 5,810,1817,40                   21,43  28,65800
00-0Станция Genesis 350                шт.    1152 40   121 920Genesis         5  С 600Genes  67 056 16 000 7 50012 500       1,50  1,08  1,85   4 2,2 3,35 6,45                    5,76   8,86500
00-0Станция Genesis 350 ПР             шт.    1167 40   133 920Genesis         5  П 600Genes  73 656 16 000 7 50012 500       1,50  1,08  1,85   4 2,2 3,35 6,45                    5,76   8,86500
00-0Станция Genesis 500                шт.    1187 50   150 000Genesis         8  С 800Genes  82 500 18 000 8 50013 500       1,50  1,08  2,35   4 2,7 4,10 7,95                    7,17  11,03500
00-0Станция Genesis 500 ПР             шт.    1202 50   162 000Genesis         8  П 800Genes  89 100 18 000 8 50013 500       1,50  1,08  2,35   4 2,7 4,10 7,95                    7,17  11,03500
00-0Станция Genesis 500 L              шт.    1208 20   166 560Genesis         8  С1 30Genes  91 608 21 000 8 50013 500       1,50  1,08  2,85   4 2,7 4,85 9,46                    8,58  13,19800
00-0Станция Genesis 500 L ПР           шт.    1223 20   178 560Genesis         8  С1 30Genes  98 208 21 000 8 50013 500       1,50  1,08  2,85   4 2,7 4,85 9,46                    8,58  13,19800
00-0Станция Genesis 700                шт.    1                Genesis        10  С 800Genesis       21 000 9 50014 500       1,70  1,35  2,35   5 3,5 5,08 9,41                    9,37  13,71500
00-0Станция Genesis 700 ПР             шт.    1                Genesis        10  П 800Genesis       21 000 9 50014 500       1,70  1,35  2,35   5 3,5 5,08 9,41                    9,37  13,71500
00-0Станция Genesis 700 L              шт.    1                Genesis        10  С1 30Genesis       24 000 9 50014 500       1,70  1,35  2,85   5 3,5 6,0011,19                   11,21  16,39800
00-0Станция Genesis 700 L ПР           шт.    1                Genesis        10  П1 30Genesis       24 000 9 50014 500       1,70  1,35  2,85   5 3,5 6,0011,19                   11,21  16,39800
00-0Станция Genesis 1000               шт.    1241 50   193 200Genesis        15  С 800Genes 106 260 24 00010 50015 500       2,10  1,60  2,35   6 5,4 6,4311,43                   12,75  17,75500
00-0Станция Genesis 1000 ПР            шт.    1256 87   205 500Genesis        15  П 800Genes 113 025 24 00010 50015 500       2,10  1,60  2,35   6 5,4 6,4311,43                   12,75  17,75500
00-0Станция Genesis 1000 L             шт.    1                Genesis        15  С1 30Genesis       27 00010 50015 500       2,10  1,60  2,85   6 5,4 7,5913,57                   15,25  21,23800
00-0Станция Genesis 1000 L ПР          шт.    1                Genesis        15  П1 30Genesis       27 00010 50015 500       2,10  1,60  2,85   6 5,4 7,5913,57                   15,25  21,23800
00-0Станция Топас 4 С 800              шт.    191 200    82 080Топас           4  С 800Топас  63 840 15 000 7 50012 500       0,95  0,95  2,50   4 1,5 2,66 6,01                    4,92   8,27500
00-0Станция Топас 4 П 800              шт.    1100 80    90 720Топас           4  П 800Топас  70 560 15 000 7 50012 500       0,95  0,95  2,50   4 1,5 2,66 6,01                    4,92   8,27500
00-0Станция Топас 5 С 800              шт.    1102 90    92 610Топас           5  С 800Топас  72 030 16 000 7 50012 500       1,10  1,20  2,50   4 2,2 3,18 6,96                    6,48  10,26500
00-0Станция Топас 5 П 800              шт.    1113 30   101 970Топас           5  П 800Топас  79 310 16 000 7 50012 500       1,00  1,20  2,60   4 2,2 3,15 6,96                    6,27  10,08500
00-0Станция Топас 5 С 1400             шт.    1127 30   114 570Топас           5  С1 40Топас  89 110 19 000 7 50012 500       1,10  1,20  3,10   4 2,2 3,83 8,45                    7,92  12,54800
00-0Станция Топас 5 П 1400             шт.    1141 50   127 350Топас           5  П1 40Топас  99 050 19 000 7 50012 500       1,10  1,20  3,10   4 2,2 3,83 8,45                    7,92  12,54800
00-0Станция Топас 6 С 800              шт.    1106 60    95 940Топас           6  С 800Топас  74 620 16 000 7 50012 500       1,20  1,20  2,55   4 2,5 3,37 7,33                    7,04  11,00500
00-0Станция Топас 6 П 800              шт.    1117 60   105 840Топас           6  П 800Топас  82 320 16 000 7 50012 500       1,10  1,20  2,60   4 2,4 3,29 7,21                    6,72  10,64500
00-0Станция Топас 6 С 1400             шт.    1131 20   118 080Топас           6  С1 40Топас  91 840 19 000 7 50012 500       1,20  1,00  3,10   4   2 3,67 8,16                    7,39  11,88800
00-0Станция Топас 6 П 1400             шт.    1147 40   132 660Топас           6  П1 40Топас 103 180 19 000 7 50012 500       1,20  1,00  3,10   4   2 3,67 8,16                    7,39  11,88800
00-0Станция Топас 8 С 800              шт.    1129 50   116 550Топас           8  С 800Топас  90 650 18 000 8 50013 500       1,60  1,20  2,50   5 3,3 3,84 8,16                    8,64  12,96500
00-0Станция Топас 8 П 800              шт.    1140 70   126 630Топас           8  П 800Топас  98 490 18 000 8 50013 500       1,60  1,20  2,60   5 3,5 3,97 8,45                    8,96  13,44500
00-0Станция Топас 8 С 1400             шт.    1146 10   131 490Топас           8  С1 40Топас 102 270 21 000 8 50013 500       1,60  1,20  3,10   5 3,3 4,61 9,89                   10,56  15,84800
00-0Станция Топас 8 П 1400             шт.    1160 70   144 630Топас           8  П1 40Топас 112 490 21 000 8 50013 500       1,60  1,50  3,10   6 4,1 5,1010,78                   12,54  18,22800
00-0Станция Топас 9 С 800              шт.    1131 70   118 530Топас           9  С 800Топас  92 190 19 500 9 50014 500       1,60  1,20  2,55   5 3,4 3,90 8,30                    8,80  13,20500
00-0Станция Топас 9 П 800              шт.    1142 10   127 890Топас           9  П 800Топас  99 470 19 500 9 50014 500       1,60  1,20  2,60   5 3,5 3,97 8,45                    8,96  13,44500
00-0Станция Топас 9 С 1400             шт.    1150 70   135 630Топас           9  С1 40Топас 105 490 22 500 9 50014 500       1,60  1,20  3,10   5 3,3 4,61 9,89                   10,56  15,84800
00-0Станция Топас 9 П 1400             шт.    1163 30   146 970Топас           9  П1 40Топас 114 310 22 500 9 50014 500       1,50  1,20  3,10   5 3,1 4,45 9,60                   10,03  15,18800
00-0Станция Топас 9 С 1400 Ус          шт.    1172 10   154 890Топас           9  С1 40Топас 120 470 22 500 9 50014 500       1,80  1,40  3,10   6 4,3 5,2611,06                   13,07  18,88800
00-0Станция Топас 9 П 1400 Ус          шт.    1183 90   165 510Топас           9  П1 40Топас 128 730 22 500 9 50014 500       1,70  1,35  3,10   6 3,9 5,0110,62                   12,13  17,74800
00-0Станция Топас 10 С 800             шт.    1168 60   151 740Топас          10  С 800Топас 118 020 21 000 9 50014 500       2,10  1,20  2,50   6 4,3 4,50 9,36                   10,80  15,66500
00-0Станция Топас 10 П 800             шт.    1179 50   161 550Топас          10  П 800Топас 125 650 21 000 9 50014 500       2,10  1,20  2,60   6 4,5 4,65 9,69                   11,20  16,24500
00-0Станция Топас 10 С 1400            шт.    1189 70   170 730Топас          10  С1 40Топас 132 790 24 000 9 50014 500       2,10  1,20  3,10   6 4,3 5,3911,33                   13,20  19,14800
00-0Станция Топас 10 П 1400            шт.    1210 90   189 810Топас          10  П1 40Топас 147 630 24 000 9 50014 500       2,10  1,20  3,10   6 4,3 5,3911,33                   13,20  19,14800
00-0Станция Топас 10 С 1400 Ус         шт.    1218 70   196 830Топас          10  С1 40Топас 153 090 24 000 9 50014 500       2,10  1,20  3,10   6 4,3 5,3911,33                   13,20  19,14800
00-0Станция Топас 10 П 1400 Ус         шт.    1230 10   207 090Топас          10  П1 40Топас 161 070 24 000 9 50014 500       2,10  1,20  3,10   6 4,3 5,3911,33                   13,20  19,14800
00-0Станция Топас 12 С 800             шт.    1172 40   155 160Топас          12  С 800Топас 120 680 22 00010 00015 000       2,10  1,20  2,55   6 4,4 4,57 9,52                   11,00  15,95500
00-0Станция Топас 12 П 800             шт.    1185 10   166 590Топас          12  П 800Топас 129 570 22 00010 00015 000       2,05  1,20  2,60   6 4,4 4,58 9,56                   10,98  15,96500
00-0Станция Топас 12 С 1400            шт.    1193 50   174 150Топас          12  С1 40Топас 135 450 25 00010 00015 000       2,10  1,20  3,10   6 4,3 5,3911,33                   13,20  19,14800
00-0Станция Топас 12 П 1400            шт.    1212 50   191 250Топас          12  П1 40Топас 148 750 25 00010 00015 000       2,00  1,20  3,10   6 4,1 5,2311,04                   12,67  18,48800
00-0Станция Топас 12 С 1400 Ус         шт.    1219 70   197 730Топас          12  С1 40Топас 153 790 25 00010 00015 000       2,11  1,40  3,10   6   5 5,7511,97                   14,91  21,13800
00-0Станция Топас 12 П 1400 Ус         шт.    1231 70   208 530Топас          12  П1 40Топас 162 190 25 00010 00015 000       2,00  1,40  3,10   6 4,8 5,5811,65                   14,26  20,33800
00-0Станция Топас 15 С 800             шт.    1200 60   180 540Топас          15  С 800Топас 140 420 24 00010 50015 500       2,10  1,20  2,50   6 4,3 4,50 9,36                   10,80  15,66500
00-0Станция Топас 15 П 800             шт.    1225 60   203 040Топас          15  П 800Топас 157 920 24 00010 50015 500       2,10  1,20  2,60   6 4,5 4,65 9,69                   11,20  16,24500
00-0Станция Топас 15 С 1400            шт.    1230 00   207 000Топас          15  С1 40Топас 161 000 27 00010 50015 500       2,10  1,20  3,10   6 4,3 5,3911,33                   13,20  19,14800
00-0Станция Топас 15 П 1400            шт.    1247 60   222 840Топас          15  П1 40Топас 173 320 27 00010 50015 500       2,10  1,20  3,10   6 4,3 5,3911,33                   13,20  19,14800
00-0Станция Топас 15 С 1400 Ус         шт.    1249 30   224 370Топас          15  С1 40Топас 174 510 27 00010 50015 500       2,10  1,20  3,10   6 4,3 5,3911,33                   13,20  19,14800
00-0Станция Топас 15 П 1400 Ус         шт.    1267 70   240 930Топас          15  П1 40Топас 187 390 27 00010 50015 500       2,10  1,20  3,10   6 4,3 5,3911,33                   13,20  19,14800
00-0Станция Топас 30 С 800             шт.    1335 80   335 800Топас          30  С 800Топас 235 060 34 00013 00018 000       2,30  2,20  3,10   811,6 7,4815,00                   23,17  30,69500
00-0Станция Топас 30 П 1400            шт.    1369 00   369 000Топас          30  П1 40Топас 258 300 37 00013 00018 000       2,20  2,20  3,10   8 8,2 7,3014,70                   22,31  29,70800
00-0Станция Топас 40 П 800             шт.    1447 40   447 400Топас          40  П 800Топас 313 180 42 00014 50019 500       2,30  2,20  3,10   811,6 7,4815,00                   23,17  30,69500
00-0Станция Топас-С 4 С 800            шт.    180 200    72 180Топас-С         4  С 800Топас  56 140 15 000 7 50012 500       0,95  0,95  2,50   4 1,5 2,66 6,01                    4,92   8,27500
00-0Станция Топас-С 4 П 800            шт.    190 000    81 000Топас-С         4  П 800Топас  63 000 15 000 7 50012 500       0,95  0,95  2,50   4 1,5 2,66 6,01                    4,92   8,27500
00-0Станция Топас-С 5 С 800            шт.    189 700    80 730Топас-С         5  С 800Топас  62 790 16 000 7 50012 500       1,10  1,20  2,50   4 2,2 3,18 6,96                    6,48  10,26500
00-0Станция Топас-С 5 П 800            шт.    1102 00    91 800Топас-С         5  П 800Топас  71 400 16 000 7 50012 500       1,00  1,20  2,60   4 2,2 3,15 6,96                    6,27  10,08500
00-0Станция Топас-С 5 С 1400           шт.    1113 90   102 510Топас-С         5  С1 40Топас  79 730 19 000 7 50012 500       1,10  1,20  3,10   4 2,2 3,83 8,45                    7,92  12,54800
00-0Станция Топас-С 5 П 1400           шт.    1127 90   115 110Топас-С         5  П1 40Топас  89 530 19 000 7 50012 500       1,10  1,20  3,10   4 2,2 3,83 8,45                    7,92  12,54800
00-0Станция Топас-С 6 С 800            шт.    196 600    86 940Топас-С         6  С 800Топас  67 620 16 000 7 50012 500       1,20  1,20  2,55   4 2,5 3,37 7,33                    7,04  11,00500
00-0Станция Топас-С 6 П 800            шт.    1107 20    96 480Топас-С         6  П 800Топас  75 040 16 000 7 50012 500       1,10  1,20  2,60   4 2,4 3,29 7,21                    6,72  10,64500
00-0Станция Топас-С 6 С 1400           шт.    1117 40   105 660Топас-С         6  С1 40Топас  82 180 19 000 7 50012 500       1,20  1,00  3,10   4   2 3,67 8,16                    7,39  11,88800
00-0Станция Топас-С 6 П 1400           шт.    1131 20   118 080Топас-С         6  П1 40Топас  91 840 19 000 7 50012 500       1,20  1,00  3,10   4   2 3,67 8,16                    7,39  11,88800
00-0Станция Топас-С 8 С 800            шт.    1116 90   105 210Топас-С         8  С 800Топас  81 830 18 000 8 50013 500       1,60  1,20  2,50   5 3,3 3,84 8,16                    8,64  12,96500
00-0Станция Топас-С 8 П 800            шт.    1129 10   116 190Топас-С         8  П 800Топас  90 370 18 000 8 50013 500       1,60  1,20  2,60   5 3,5 3,97 8,45                    8,96  13,44500
00-0Станция Топас-С 8 С 1400           шт.    1133 10   119 790Топас-С         8  С1 40Топас  93 170 21 000 8 50013 500       1,60  1,20  3,10   5 3,3 4,61 9,89                   10,56  15,84800
00-0Станция Топас-С 8 П 1400           шт.    1146 90   132 210Топас-С         8  П1 40Топас 102 830 21 000 8 50013 500       1,60  1,50  3,10   6 4,1 5,1010,78                   12,54  18,22800
00-0Станция Топас-С 8 С 1400 Ус        шт.    1147 50   132 750Топас-С         8  С1 40Топас 103 250 21 000 8 50013 500                                0,03 0,13                    0,03   0,13800
00-0Станция Топас-С 8 П 1400 Ус        шт.    1161 30   145 170Топас-С         8  П1 40Топас 112 910 21 000 8 50013 500                                0,03 0,13                    0,03   0,13800
00-0Станция Топас-С 9 С 800            шт.    1121 70   109 530Топас-С         9  С 800Топас  85 190 19 500 9 50014 500       1,60  1,20  2,55   5 3,4 3,90 8,30                    8,80  13,20500
00-0Станция Топас-С 9 П 800            шт.    1131 90   118 710Топас-С         9  П 800Топас  92 330 19 500 9 50014 500       1,60  1,20  2,60   5 3,5 3,97 8,45                    8,96  13,44500
00-0Станция Топас-С 9 С 1400           шт.    1138 50   124 650Топас-С         9  С1 40Топас  96 950 22 500 9 50014 500       1,60  1,20  3,10   5 3,3 4,61 9,89                   10,56  15,84800
00-0Станция Топас-С 9 П 1400           шт.    1151 00   135 900Топас-С         9  П1 40Топас 105 700 22 500 9 50014 500       1,50  1,20  3,10   5 3,1 4,45 9,60                   10,03  15,18800
00-0Станция Топас-С 9 С 1400 Ус        шт.    1159 50   143 550Топас-С         9  С1 40Топас 111 650 22 500 9 50014 500       1,80  1,40  3,10   6 4,3 5,2611,06                   13,07  18,88800
00-0Станция Топас-С 9 П 1400 Ус        шт.    1170 90   153 810Топас-С         9  П1 40Топас 119 630 22 500 9 50014 500       1,70  1,35  3,10   6 3,9 5,0110,62                   12,13  17,74800
00-0Станция Топас-С 10 С 800           шт.    1151 60   136 440Топас-С        10  С 800Топас 106 120 21 000 9 50014 500       2,10  1,20  2,50   6 4,3 4,50 9,36                   10,80  15,66500
00-0Станция Топас-С 10 П 800           шт.    1163 70   147 330Топас-С        10  П 800Топас 114 590 21 000 9 50014 500       2,10  1,20  2,60   6 4,5 4,65 9,69                   11,20  16,24500
00-0Станция Топас-С 10 С 1400          шт.    1171 90   154 710Топас-С        10  С1 40Топас 120 330 24 000 9 50014 500       2,10  1,20  3,10   6 4,3 5,3911,33                   13,20  19,14800
00-0Станция Топас-С 10 П 1400          шт.    1193 50   174 150Топас-С        10  П1 40Топас 135 450 24 000 9 50014 500       2,10  1,20  3,10   6 4,3 5,3911,33                   13,20  19,14800
00-0Станция Топас-С 10 С 1400 Ус       шт.    1200 30   180 270Топас-С        10  С1 40Топас 140 210 24 000 9 50014 500       2,10  1,20  3,10   6 4,3 5,3911,33                   13,20  19,14800
00-0Станция Топас-С 10 П 1400 Ус       шт.    1211 10   189 990Топас-С        10  П1 40Топас 147 770 24 000 9 50014 500       2,10  1,20  3,10   6 4,3 5,3911,33                   13,20  19,14800
00-0Станция Топас-С 12 С 800           шт.    1155 60   140 040Топас-С        12  С 800Топас 108 920 22 00010 00015 000       2,10  1,20  2,55   6 4,4 4,57 9,52                   11,00  15,95500
00-0Станция Топас-С 12 П 800           шт.    1168 10   151 290Топас-С        12  П 800Топас 117 670 22 00010 00015 000       2,05  1,20  2,60   6 4,4 4,58 9,56                   10,98  15,96500
00-0Станция Топас-С 12 С 1400          шт.    1174 90   157 410Топас-С        12  С1 40Топас 122 430 25 00010 00015 000       2,10  1,20  3,10   6 4,3 5,3911,33                   13,20  19,14800
00-0Станция Топас-С 12 П 1400          шт.    1191 50   172 350Топас-С        12  П1 40Топас 134 050 25 00010 00015 000       2,00  1,20  3,10   6 4,1 5,2311,04                   12,67  18,48800
00-0Станция Топас-С 12 С 1400 Ус       шт.    1201 30   181 170Топас-С        12  С1 40Топас 140 910 25 00010 00015 000       2,11  1,40  3,10   6   5 5,7511,97                   14,91  21,13800
00-0Станция Топас-С 12 П 1400 Ус       шт.    1211 80   190 620Топас-С        12  П1 40Топас 148 260 25 00010 00015 000       2,00  1,40  3,10   6 4,8 5,5811,65                   14,26  20,33800
00-0Станция Астра 3 С 600              шт.    173 000    62 050Астра           3  С 600Астра  47 450 14 000 7 50012 500       1,12  0,94  2,03   4 1,5 2,40 5,31                    4,54   7,45500
00-0Станция Астра 3 П 600              шт.    175 000    63 750Астра           3  П 600Астра  48 750 14 000 7 50012 500       1,12  0,94  2,03   4 1,5 2,40 5,31                    4,54   7,45500
00-0Станция Астра 4 С 850              шт.    178 900    67 065Астра           4  С 850Астра  51 285 16 000 7 50012 500       1,12  0,94  2,28   4 1,5 2,65 5,88                    5,05   8,29500
00-0Станция Астра 4 П 850              шт.    180 900    68 765Астра           4  П 850Астра  52 585 16 000 7 50012 500       1,12  0,94  2,28   4 1,5 2,65 5,88                    5,05   8,29500
00-0Станция Астра 5 С 850              шт.    189 500    76 075Астра           5  С 850Астра  58 175 17 000 7 50012 500       1,03  1,12  2,36   4 1,7 2,84 6,27                    5,56   8,99500
00-0Станция Астра 5 П 850              шт.    191 500    77 775Астра           5  П 850Астра  59 475 17 000 7 50012 500       1,03  1,12  2,36   4 1,7 2,84 6,27                    5,56   8,99500
00-0Станция Астра 5 С 1000             шт.    191 700    77 945Астра           5  С1 00Астра  59 605 17 000 7 50012 500       1,03  1,12  2,50   4 1,7 2,98 6,60                    5,87   9,49600
00-0Станция Астра 5 П 1000             шт.    193 700    79 645Астра           5  П1 00Астра  60 905 17 000 7 50012 500       1,03  1,12  2,50   4 1,7 2,98 6,60                    5,87   9,49600
00-0Станция Астра 5 С 1500             шт.    1114 10    96 985Астра           5  С1 50Астра  74 165 20 000 7 50012 500       1,16  1,00  3,00   4 1,7 3,51 7,81                    6,99  11,29800
00-0Станция Астра 5 П 1500             шт.    1116 10    98 685Астра           5  П1 50Астра  75 465 20 000 7 50012 500       1,16  1,00  3,00   4 1,7 3,51 7,81                    6,99  11,29800
00-0Станция Астра 6 С 850              шт.    195 200    80 920Астра           6  С 850Астра  61 880 17 000 7 50012 500       1,20  1,15  2,36   4 2,1 3,09 6,73                    6,35   9,98500
00-0Станция Астра 6 П 850              шт.    197 200    82 620Астра           6  П 850Астра  63 180 17 000 7 50012 500       1,20  1,15  2,36   4 2,1 3,09 6,73                    6,35   9,98500
00-0Станция Астра 6 С 1000             шт.    197 500    82 875Астра           6  С1 00Астра  63 375 17 000 7 50012 500       1,20  1,15  2,50   4 2,1 3,25 7,08                    6,70  10,53600
00-0Станция Астра 6 П 1000             шт.    199 500    84 575Астра           6  П1 00Астра  64 675 17 000 7 50012 500       1,20  1,15  2,50   4 2,1 3,25 7,08                    6,70  10,53600
00-0Станция Астра 6 С 1500             шт.    1114 80    97 580Астра           6  С1 50Астра  74 620 20 000 7 50012 500       1,20  1,16  3,00   4 2,1 3,81 8,37                    7,99  12,54800
00-0Станция Астра 6 П 1500             шт.    1116 80    99 280Астра           6  П1 50Астра  75 920 20 000 7 50012 500       1,20  1,16  3,00   4 2,1 3,81 8,37                    7,99  12,54800
00-0Станция Астра 7 С 850              шт.    1106 00    90 100Астра           7  С 850Астра  68 900 19 000 8 50013 500       1,30  1,16  2,36   5 2,3 3,23 6,98                    6,79  10,54500
00-0Станция Астра 7 П 850              шт.    1108 00    91 800Астра           7  П 850Астра  70 200 19 000 8 50013 500       1,30  1,16  2,36   5 2,3 3,23 6,98                    6,79  10,54500
00-0Станция Астра 7 С 1000             шт.    1107 50    91 375Астра           7  С1 00Астра  69 875 19 000 8 50013 500       1,30  1,16  2,50   5 2,3 3,39 7,34                    7,16  11,11600
00-0Станция Астра 7 П 1000             шт.    1109 50    93 075Астра           7  П1 00Астра  71 175 19 000 8 50013 500       1,30  1,16  2,50   5 2,3 3,39 7,34                    7,16  11,11600
00-0Станция Астра 7 С 1500             шт.    1124 00   105 400Астра           7  С1 50Астра  80 600 22 000 8 50013 500       1,30  1,16  3,00   5 2,3 3,96 8,65                    8,49  13,17800
00-0Станция Астра 7 П 1500             шт.    1126 00   107 100Астра           7  П1 50Астра  81 900 22 000 8 50013 500       1,30  1,16  3,00   5 2,3 3,96 8,65                    8,49  13,17800
00-0Станция Астра 8 С 850              шт.    1109 50    93 075Астра           8  С 850Астра  71 175 19 000 8 50013 500       1,50  1,16  2,36   5 2,6 3,48 7,43                    7,59  11,54500
00-0Станция Астра 8 П 850              шт.    1111 50    94 775Астра           8  П 850Астра  72 475 19 000 8 50013 500       1,50  1,16  2,36   5 2,6 3,48 7,43                    7,59  11,54500
00-0Станция Астра 8 С 1000             шт.    1112 50    95 625Астра           8  С1 00Астра  73 125 19 000 8 50013 500       1,50  1,16  2,50   5 2,6 3,65 7,82                    8,00  12,17600
00-0Станция Астра 8 П 1000             шт.    1114 50    97 325Астра           8  П1 00Астра  74 425 19 000 8 50013 500       1,50  1,16  2,50   5 2,6 3,65 7,82                    8,00  12,17600
00-0Станция Астра 8 С 1500             шт.    1125 00   106 250Астра           8  С1 50Астра  81 250 22 000 8 50013 500       1,50  1,16  3,00   5 2,6 4,26 9,21                    9,48  14,43800
00-0Станция Астра 8 П 1500             шт.    1127 00   107 950Астра           8  П1 50Астра  82 550 22 000 8 50013 500       1,50  1,16  3,00   5 2,6 4,26 9,21                    9,48  14,43800
00-0Станция Астра 9 С 850              шт.    1114 40    97 240Астра           9  С 850Астра  74 360 20 500 9 50014 500       1,70  1,16  2,36   5   3 3,73 7,89                    8,39  12,54500
00-0Станция Астра 9 П 850              шт.    1117 90   100 215Астра           9  П 850Астра  76 635 20 500 9 50014 500       1,70  1,16  2,36   5   3 3,73 7,89                    8,39  12,54500
00-0Станция Астра 9 С 1000             шт.    1117 00    99 450Астра           9  С1 00Астра  76 050 20 500 9 50014 500       1,70  1,16  2,50   5   3 3,92 8,30                    8,85  13,23600
00-0Станция Астра 9 П 1000             шт.    1120 50   102 425Астра           9  П1 00Астра  78 325 20 500 9 50014 500       1,70  1,16  2,50   5   3 3,92 8,30                    8,85  13,23600
00-0Станция Астра 9 С 1500             шт.    1130 50   110 925Астра           9  С1 50Астра  84 825 23 500 9 50014 500       1,70  1,16  3,00   5   3 4,57 9,76                   10,48  15,68800
00-0Станция Астра 9 П 1500             шт.    1133 50   113 475Астра           9  П1 50Астра  86 775 23 500 9 50014 500       1,70  1,16  3,00   5   3 4,57 9,76                   10,48  15,68800
00-0Станция Астра 10 С 850             шт.    1141 70   120 445Астра          10  С 850Астра  92 105 22 000 9 50014 500       2,00  1,16  2,36   6 3,5 4,11 8,57                    9,58  14,05500
00-0Станция Астра 10 П 850             шт.    1145 20   123 420Астра          10  П 850Астра  94 380 22 000 9 50014 500       2,00  1,16  2,36   6 3,5 4,11 8,57                    9,58  14,05500
00-0Станция Астра 10 С 1000            шт.    1143 70   122 145Астра          10  С1 00Астра  93 405 22 000 9 50014 500       2,00  1,16  2,50   6 3,5 4,31 9,02                   10,11  14,82600
00-0Станция Астра 10 П 1000            шт.    1147 20   125 120Астра          10  П1 00Астра  95 680 22 000 9 50014 500       2,00  1,16  2,50   6 3,5 4,31 9,02                   10,11  14,82600
00-0Станция Астра 10 С 1500            шт.    1161 10   136 935Астра          10  С1 50Астра 104 715 25 000 9 50014 500       2,00  1,16  3,00   6 3,5 5,0210,60                   11,98  17,56800
00-0Станция Астра 10 П 1500            шт.    1164 60   139 910Астра          10  П1 50Астра 106 990 25 000 9 50014 500       2,00  1,16  3,00   6 3,5 5,0210,60                   11,98  17,56800
00-0Станция БиоПурит 3 С 630           шт.    172 990    62 990БиоПурит        3  С 630БиоПу  51 093 14 000 7 50012 500       1,20  1,20  1,75   4 1,3 3,01 5,82                    4,99   7,80500
00-0Станция БиоПурит 5 С 630           шт.    182 990    69 990БиоПурит        5  С 630БиоПу  58 093 16 000 7 50012 500       1,20  1,20  2,25   4 1,8 3,73 7,26                    6,27   9,80500
00-0Станция БиоПурит 5 С 1130          шт.    198 990    80 990БиоПурит        5  С1 13БиоПу  69 293 17 000 7 50012 500       1,20  1,20  2,75   4 1,8 4,44 8,69                    7,55  11,80600
00-0Станция БиоПурит 8 С 630           шт.    199 990    81 990БиоПурит        8  С 630БиоПу  69 993 18 000 8 50013 500       1,60  1,60  2,25   5 3,3 5,28 9,59                    9,80  14,11500
00-0Станция БиоПурит 8 С 1130          шт.    1122 99    97 990БиоПурит        8  С1 13БиоПу  86 093 19 000 8 50013 500       1,60  1,60  2,75   5 3,3 6,2711,46                   11,80  16,99600
00-0Станция БиоПурит 3 С 630 ВШУ       шт.    178 990    68 990БиоПурит        3  С 630БиоПу  55 293 14 000 7 50012 500       1,20  1,20  1,75   4 1,3 3,01 5,82                    4,99   7,80500
00-0Станция БиоПурит 5 С 630 ВШУ       шт.    188 990    75 990БиоПурит        5  С 630БиоПу  62 293 16 000 7 50012 500       1,20  1,20  2,25   4 1,8 3,73 7,26                    6,27   9,80500
00-0Станция БиоПурит 5 С 1130 ВШУ      шт.    1104 99    86 990БиоПурит        5  С1 13БиоПу  73 493 17 000 7 50012 500       1,20  1,20  2,75   4 1,8 4,44 8,69                    7,55  11,80600
00-0Станция БиоПурит 8 С 630 ВШУ       шт.    1105 99    87 990БиоПурит        8  С 630БиоПу  74 193 18 000 8 50013 500       1,60  1,60  2,25   5 3,3 5,28 9,59                    9,80  14,11500
00-0Станция БиоПурит 8 С 1130 ВШУ      шт.    1128 99   103 990БиоПурит        8  С1 13БиоПу  90 293 19 000 8 50013 500       1,60  1,60  2,75   5 3,3 6,2711,46                   11,80  16,99600
00-0Станция Евробион Русин 4 С 600     шт.    1 73000    65 700Евробион Рус    4  С 600ЕвроБ  48 180 15 000 7 50012 500       1,00  1,00  2,38   3 1,4 3,19 6,49                    5,06   8,36500
00-0Станция Евробион Русин 4 П 600     шт.    1 80000    72 000Евробион Рус    4  П 600ЕвроБ  52 800 15 000 7 50012 500       1,00  1,00  2,38   3 1,4 3,19 6,49                    5,06   8,36500
00-0Станция Евробион Русин 5 С 600     шт.    176 000    68 400Евробион Рус    5  С 600ЕвроБ  50 160 16 000 7 50012 500       1,08  1,08  2,36   3 1,6 3,45 6,89                    5,61   9,05500
00-0Станция Евробион Русин 5 П 600     шт.    183 000    74 700Евробион Рус    5  П 600ЕвроБ  54 780 16 000 7 50012 500       1,08  1,08  2,36   3 1,6 3,45 6,89                    5,61   9,05500
00-0Станция Евробион АРТ 4 С 600       шт.    182 000    73 800Евробион АРТ    4  С 600ЕвроБ  54 120 15 000 7 50012 500       1,00  1,00  2,38   3 1,4 3,19 6,49                    5,06   8,36500
00-0Станция Евробион АРТ 5 С 600       шт.    185 000    76 500Евробион АРТ    5  С 600ЕвроБ  56 100 16 000 7 50012 500       1,08  1,08  2,38   3 1,6 3,47 6,94                    5,65   9,12500
00-0Станция Евробион АРТ 5 П 600       шт.    191 000    81 900Евробион АРТ    5  П 600ЕвроБ  60 060 16 000 7 50012 500       1,08  1,08  2,38   3 1,6 3,47 6,94                    5,65   9,12500
00-0Станция Евробион АРТ 5 С 900       шт.    191 700    82 530Евробион АРТ    5  С 900ЕвроБ  60 522 17 000 7 50012 500       1,08  1,08  2,68   3 1,6 3,85 7,72                    6,31  10,18500
00-0Станция Евробион АРТ 5 П 900       шт.    197 700    87 930Евробион АРТ    5  П 900ЕвроБ  64 482 17 000 7 50012 500       1,08  1,08  2,68   3 1,6 3,85 7,72                    6,31  10,18500
00-0Станция Евробион АРТ 5 С 1200      шт.    1106 00    95 400Евробион АРТ    5  С1200ЕвроБ  69 960 17 000 7 50012 500       1,08  1,08  3,00   3 1,6 4,26 8,56                    7,01  11,31600
00-0Станция Евробион АРТ 5 П 1200      шт.    1112 00   100 800Евробион АРТ    5  П1200ЕвроБ  73 920 17 000 7 50012 500       1,08  1,08  3,00   3 1,6 4,26 8,56                    7,01  11,31600
00-0Станция Евробион АРТ 5 С 1600      шт.    1118 00   106 200Евробион АРТ    5  С1600ЕвроБ  77 880 20 000 7 50012 500       1,08  1,08  3,38   3 1,6 4,75 9,56                    7,84  12,65800
00-0Станция Евробион АРТ 5 П 1600      шт.    1124 00   111 600Евробион АРТ    5  П1600ЕвроБ  81 840 20 000 7 50012 500       1,08  1,08  3,38   3 1,6 4,75 9,56                    7,84  12,65800
00-0Станция Евробион АРТ 8 С 600       шт.    1115 00   103 500Евробион АРТ    8  С 600ЕвроБ  75 900 18 000 8 50013 500       1,35  1,35  2,38   4 2,5 4,49 8,52                    7,90  11,93500
00-0Станция Евробион АРТ 8 П 600       шт.    1121 00   108 900Евробион АРТ    8  П 600ЕвроБ  79 860 18 000 8 50013 500       1,35  1,35  2,38   4 2,5 4,49 8,52                    7,90  11,93500
00-0Станция Евробион АРТ 8 С 900       шт.    1121 00   108 900Евробион АРТ    8  С 900ЕвроБ  79 860 19 000 8 50013 500       1,35  1,35  2,68   4 2,5 4,98 9,48                    8,82  13,31500
00-0Станция Евробион АРТ 8 П 900       шт.    1127 00   114 300Евробион АРТ    8  П 900ЕвроБ  83 820 19 000 8 50013 500       1,35  1,35  2,68   4 2,5 4,98 9,48                    8,82  13,31500
00-0Станция Евробион АРТ 8 С 1200      шт.    1130 00   117 000Евробион АРТ    8  С1200ЕвроБ  85 800 19 000 8 50013 500       1,35  1,35  3,00   4 2,6 5,5110,50                    9,80  14,79600
00-0Станция Евробион АРТ 8 П 1200      шт.    1136 00   122 400Евробион АРТ    8  П1200ЕвроБ  89 760 19 000 8 50013 500       1,35  1,35  3,00   4 2,6 5,5110,50                    9,80  14,79600
00-0Станция Евробион АРТ 8 С 1600      шт.    1155 00   139 500Евробион АРТ    8  С1600ЕвроБ 102 300 22 000 8 50013 500       1,35  1,35  3,38   4 2,5 6,1311,71                   10,96  16,55800
00-0Станция Евробион АРТ 8 П 1600      шт.    1161 00   144 900Евробион АРТ    8  П1600ЕвроБ 106 260 22 000 8 50013 500       1,35  1,35  3,38   4 2,5 6,1311,71                   10,96  16,55800
00-0Станция Евробион АРТ 10 С 600      шт.    1143 00   128 700Евробион АРТ   10  С 600ЕвроБ  94 380 21 000 9 50014 500       2,00  1,75  2,38   6 5,6 5,8410,94                   13,31  18,42500
00-0Станция Евробион АРТ 10 П 600      шт.    1149 00   134 100Евробион АРТ   10  П 600ЕвроБ  98 340 21 000 9 50014 500       2,00  1,75  2,38   6 5,6 5,8410,94                   13,31  18,42500
00-0Станция Евробион АРТ 10 С 750      шт.    1150 00   135 000Евробион АРТ   10  С 750ЕвроБ  99 000 21 000 9 50014 500       2,00  1,75  2,55   6 5,7 6,1811,62                   14,19  19,64500
00-0Станция Евробион АРТ 10 П 750      шт.    1156 00   140 400Евробион АРТ   10  П 750ЕвроБ 102 960 21 000 9 50014 500       2,00  1,75  2,55   6 5,7 6,1811,62                   14,19  19,64500
00-0Станция Евробион АРТ 10 С 1200     шт.    1162 50   146 250Евробион АРТ   10  С1200ЕвроБ 107 250 22 000 9 50014 500       2,00  1,75  3,05   6 5,8 7,1913,62                   16,77  23,21600
00-0Станция Евробион АРТ 10 П 1200     шт.    1168 50   151 650Евробион АРТ   10  П1200ЕвроБ 111 210 22 000 9 50014 500       2,00  1,75  3,05   6 5,8 7,1913,62                   16,77  23,21600
00-0Станция Евробион АРТ 15 С 600      шт.    1172 00   154 800Евробион АРТ   15  С 600ЕвроБ 113 520 24 00010 50015 500       1,93  1,93  2,39   6 5,2 7,0712,31                   14,06  19,30500
00-0Станция Евробион АРТ 15 П 600      шт.    1178 00   160 200Евробион АРТ   15  П 600ЕвроБ 117 480 24 00010 50015 500       1,93  1,93  2,39   6 5,2 7,0712,31                   14,06  19,30500
00-0Станция Евробион АРТ 15 С 750      шт.    1178 80   160 920Евробион АРТ   15  С 750ЕвроБ 118 008 24 00010 50015 500       1,93  1,93  2,56   6 5,3 7,4913,08                   14,98  20,57500
00-0Станция Евробион АРТ 15 П 750      шт.    1184 80   166 320Евробион АРТ   15  П 750ЕвроБ 121 968 24 00010 50015 500       1,93  1,93  2,56   6 5,3 7,4913,08                   14,98  20,57500
00-0Станция Евробион АРТ 15 С 1200     шт.    1196 30   176 670Евробион АРТ   15  С1200ЕвроБ 129 558 25 00010 50015 500       1,93  1,93  3,06   6 5,4 8,7515,34                   17,70  24,30600
00-0Станция Евробион АРТ 15 П 1200     шт.    1202 30   182 070Евробион АРТ   15  П1200ЕвроБ 133 518 25 00010 50015 500       1,93  1,93  3,06   6 5,4 8,7515,34                   17,70  24,30600
00-0Станция Евролос БИО 3              шт.    157 000    57 000Евролос БИО     3    510ЕвроЛ  39 900 14 000 7 50012 500       1,40  1,40  1,80   4   2 3,71 6,91                    6,48   9,68500
00-0Станция Евролос БИО 3+ (пр)        шт.    164 000    64 000Евролос БИО     3  + 510ЕвроЛ  44 800 14 000 7 50012 500       1,40  1,40  1,80   4   2 3,71 6,91                    6,48   9,68500
00-0Станция Евролос БИО 4              шт.    162 000    62 000Евролос БИО     4    510ЕвроЛ  43 400 16 000 7 50012 500       1,40  1,40  1,90   4 2,1 3,88 7,24                    6,80  10,16500
00-0Станция Евролос БИО 4+ (пр)        шт.    169 000    69 000Евролос БИО     4  + 510ЕвроЛ  48 300 16 000 7 50012 500       1,40  1,40  1,90   4 2,1 3,88 7,24                    6,80  10,16500
#Н/ДСтанция Евролос БИО 4+ (пр) с доп. шт.    174 500    74 500Евролос БИО     4  + 910ЕвроЛ  52 150 17 000 7 50012 500       1,40  1,40  2,30   4 2,1 4,56 8,56 497  10933,8  19   8,10  12,10500
00-0Станция Евролос БИО 5              шт.    168 000    68 000Евролос БИО     5    510ЕвроЛ  47 600 16 000 7 50012 500       1,40  1,40  2,00   4 2,3 4,05 7,57                    7,13  10,65500
00-0Станция Евролос БИО 5+ (пр)        шт.    174 000    74 000Евролос БИО     5  + 510ЕвроЛ  51 800 16 000 7 50012 500       1,40  1,40  2,00   4 2,3 4,05 7,57                    7,13  10,65500
#Н/ДСтанция Евролос БИО 5+ (пр) с доп. шт.    179 500    79 500Евролос БИО     5  + 910ЕвроЛ  55 650 17 000 7 50012 500       1,40  1,40  2,40   4 2,3 4,73 8,89 516  11969,8  20   8,42  12,58500
00-0Станция Евролос БИО 6              шт.    176 000    76 000Евролос БИО     6    510ЕвроЛ  53 200 17 000 7 50012 500       1,60  1,60  2,00   5   3 4,78 8,65                    8,80  12,67500
00-0Станция Евролос БИО 6+ (пр)        шт.    182 000    82 000Евролос БИО     6  + 510ЕвроЛ  57 400 17 000 7 50012 500       1,60  1,60  2,00   5   3 4,78 8,65                    8,80  12,67500
#Н/ДСтанция Евролос БИО 6+ (пр) с доп. шт.    187 500    87 500Евролос БИО     6  + 910ЕвроЛ  61 250 18 000 7 50012 500       1,60  1,60  2,40   5   3 5,5710,15 608  13 1107  23  10,40  14,98500
00-0Станция Евролос БИО 8              шт.    194 000    94 000Евролос БИО     8    510ЕвроЛ  65 800 18 000 8 50013 500       1,80  1,80  2,00   5 3,8 5,56 9,78                   10,65  14,87500
00-0Станция Евролос БИО 8+ (пр)        шт.    197 000    97 000Евролос БИО     8  + 510ЕвроЛ  67 900 18 000 8 50013 500       1,80  1,80  2,00   5 3,8 5,56 9,78                   10,65  14,87500
#Н/ДСтанция Евролос БИО 8+ (пр) с доп. шт.    1102 50   102 500Евролос БИО     8  + 910ЕвроЛ  71 750 19 000 8 50013 500       1,80  1,80  2,40   5 3,8 6,4811,47 707  15 1251  26  12,58  17,58500
00-0Станция Евролос БИО 10             шт.    1116 00   116 000Евролос БИО    10    510ЕвроЛ  81 200 21 000 9 50014 500       2,00  2,00  2,00   6 4,7 6,3910,96                   12,67  17,25500
00-0Станция Евролос БИО 10+ (пр)       шт.    1125 00   125 000Евролос БИО    10  + 510ЕвроЛ  87 500 21 000 9 50014 500       2,00  2,00  2,00   6 4,7 6,3910,96                   12,67  17,25500
00-0Станция Евролос БИО 12             шт.    1129 00   129 000Евролос БИО    12    510ЕвроЛ  90 300 22 00010 00015 000       2,00  2,00  2,25   6 5,5 7,0412,14                   14,11  19,21500
00-0Станция Евролос БИО 12+ (пр)       шт.    1136 00   136 000Евролос БИО    12  + 510ЕвроЛ  95 200 22 00010 00015 000       2,00  2,00  2,25   6 5,5 7,0412,14                   14,11  19,21500
#Н/ДСтанция Евролос БИО 12+ (пр) с доп.шт.    1141 50   141 500Евролос БИО    12  + 910ЕвроЛ  99 050 23 00010 00015 000       2,00  2,00  2,65   6 5,5 8,0914,02 883  18 1529  31  16,42  22,34500
00-0Станция Евролос БИО 15             шт.    1146 00   146 000Евролос БИО    15    510ЕвроЛ 102 200 24 00010 50015 500       2,00  2,00  2,70   6 6,9 8,2214,25                   16,70  22,74500
00-0Станция Евролос БИО 15+ (пр)       шт.    1155 00   155 000Евролос БИО    15  + 510ЕвроЛ 108 500 24 00010 50015 500       2,00  2,00  2,70   6 6,9 8,2214,25                   16,70  22,74500
00-0Станция Коло Веси 3  600           шт.    1109 80   104 310Коло Веси       3    600Коло   54 900 14 000 7 50012 500       1,00  1,00  2,18   3 1,2 2,95 6,00 221   5449,9   9   4,66   7,71500
00-0Станция Коло Веси 3  600 НК        шт.    1119 90   113 905Коло Веси       3    600Коло   59 950 14 000 7 50012 500       1,40  1,40  1,68   4 1,7 3,51 6,51 263   6488,5  10   6,09   9,10500
00-0Станция Коло Веси 3  900           шт.    1116 80   110 960Коло Веси       3    900Коло   58 400 15 000 7 50012 500       1,00  1,00  2,48   3 1,2 3,31 6,74 248   5505,2  11   5,25   8,68500
00-0Станция Коло Веси 3  1200          шт.    1119 80   113 810Коло Веси       3   1 20Коло   59 900 17 000 7 50012 500       1,00  1,00  2,78   3 1,2 3,66 7,47 274   6560,4  12   5,84   9,66600
00-0Станция Коло Веси 5  600           шт.    1129 90   123 405Коло Веси       5    600Коло   64 950 16 000 7 50012 500       1,30  1,30  2,18   4 2,1 3,98 7,60 299   6570,2  12   6,88  10,50500
00-0Станция Коло Веси 5  600 НК        шт.    1134 90   128 155Коло Веси       5    600Коло   67 450 16 000 7 50012 500       1,70  1,70  1,68   5 2,5 4,48 7,94 336   7595,3  12   8,29  11,75500
00-0Станция Коло Веси 5  900           шт.    1136 90   130 055Коло Веси       5    900Коло   68 450 17 000 7 50012 500       1,30  1,30  2,48   4 2,1 4,45 8,53 334   7639,5  13   7,75  11,82500
00-0Станция Коло Веси 5  1200          шт.    1140 40   133 380Коло Веси       5   1 20Коло   70 200 19 000 7 50012 500       1,30  1,30  2,78   4 2,1 4,92 9,45 369   8708,9  15   8,61  13,14600
00-0Станция Коло Веси 8  600           шт.    1139 90   132 905Коло Веси       8    600Коло   69 950 18 000 8 50013 500       1,50  1,50  2,18   4 2,8 4,74 8,74 355   8655,3  14   8,59  12,59500
00-0Станция Коло Веси 8  600 НК        шт.    1144 90   137 655Коло Веси       8    600Коло   72 450 18 000 8 50013 500       1,90  1,90  1,68   5 3,1 5,18 8,94 389   8670,6  14   9,95  13,71500
00-0Станция Коло Веси 8  900           шт.    1146 90   139 555Коло Веси       8    900Коло   73 450 19 000 8 50013 500       1,50  1,50  2,48   4 2,8 5,29 9,79 397   8734,6  15   9,67  14,18500
00-0Станция Коло Веси 8  1200          шт.    1149 70   142 215Коло Веси       8   1 20Коло   74 850 21 000 8 50013 500       1,50  1,50  2,78   4 2,8 5,8510,85 438   9813,9  17  10,76  15,76600
00-0Станция Коло Веси 10  600          шт.    1149 90   142 405Коло Веси      10    600Коло   74 950 21 000 9 50014 500       1,70  1,70  2,18   5 3,6 5,55 9,93 416   9744,5  15  10,50  14,88500
00-0Станция Коло Веси 10  900          шт.    1156 90   149 055Коло Веси      10    900Коло   78 450 22 000 9 50014 500       1,70  1,70  2,48   5 3,6 6,1911,12 464  10834,1  17  11,82  16,75500
00-0Станция Коло Веси 10  1200         шт.    1159 80   151 810Коло Веси      10   1 20Коло   79 900 24 000 9 50014 500       1,70  1,70  2,78   5 3,6 6,8312,31 512  11923,6  19  13,14  18,63600
00-0Станция Коло Веси 15  600          шт.    1199 60   189 620Коло Веси      15    600Коло   99 800 24 00010 50015 500       2,00  2,00  2,18   6   5 6,8611,81 515  11885,8  18  13,71  18,66500
00-0Станция Коло Веси 20  600          шт.    1249 00   236 550Коло Веси      20    600Коло  124 500 26 00011 50016 500       2,00  2,00  2,68   6 6,5 8,1714,16 613  13 1062  22  16,59  22,58500
00-0Станция Тверь-0,35П (2 С 320)      шт.    164 900    64 900Тверь-  0,35    2    320Тверь  53 218 14 000 7 50012 500       1,40  1,10  1,67   51,66 2,33 4,89                    4,26   6,825000,14
00-0Станция Тверь-0,35ПН (2 П 320)     шт.    171 100    71 100Тверь-  0,35    2  Н 320Тверь  58 302 14 000 7 50012 500       1,80  1,10  1,67   52,26 2,76 5,62                    5,39   8,245000,14
00-0Станция Тверь-0,5П (3 С 320)       шт.    172 000    72 000Тверь-   0,5    3    320Тверь  59 040 14 000 7 50012 500       1,65  1,10  1,67   52,03 2,60 5,34                    4,96   7,715000,14
00-0Станция Тверь-0,5ПН (3 П 320)      шт.    179 900    79 900Тверь-   0,5    3  Н 320Тверь  65 518 14 000 7 50012 500       2,10  1,10  1,67   6 2,7 3,08 6,17                    6,23   9,315000,14
00-0Станция Тверь-0,5ПМ (3 С 620)      шт.    183 900    83 900Тверь-   0,5    3    620Тверь  68 798 15 000 7 50012 500       1,65  1,10  1,97   52,03 2,94 6,13                    5,76   8,955000,14
00-0Станция Тверь-0,5ПНМ (3 П 620)     шт.    192 000    92 000Тверь-   0,5    3  Н 620Тверь  75 440 15 000 7 50012 500       2,10  1,10  1,97   6 2,7 3,48 7,06                    7,23  10,805000,14
00-0Станция Тверь-0,5НП (3 С 1020)     шт.    179 900    79 900Тверь-   0,5    3Н  1020Тверь  65 518 14 000 9 50014 500       2,10  1,10  1,67   6 2,7 3,08 6,17                    6,23   9,315000,14
00-0Станция Тверь-0,5НПМ (3 С 1320)    шт.    192 000    92 000Тверь-   0,5    3Н  1320Тверь  75 440 15 000 9 50014 500       2,10  1,10  1,97   6 2,7 3,48 7,06                    7,23  10,807000,14
00-0Станция Тверь-0,5НПН (3 П 1020)    шт.    187 800    87 800Тверь-   0,5    3Н Н1020Тверь  71 996 14 000 9 50014 500       2,50  1,10  1,67   6 3,3 3,52 6,90                    7,35  10,735000,14
00-0Станция Тверь-0,5НПНМ (3 П 1320)   шт.    1100 10   100 100Тверь-   0,5    3Н Н1320Тверь  82 082 15 000 9 50014 500       2,50  1,10  1,97   6 3,3 3,96 7,88                    8,53  12,457000,14
00-0Станция Тверь-0,75П (4 С 320)      шт.    182 900    82 900Тверь-  0,75    4    320Тверь  67 978 14 000 7 50012 500       1,90  1,10  1,67   52,38 2,85 5,76                    5,61   8,535000,15
00-0Станция Тверь-0,75ПН (4 П 320)     шт.    192 300    92 300Тверь-  0,75    4  Н 320Тверь  75 686 14 000 7 50012 500       2,30  1,10  1,67   62,97 3,28 6,49                    6,73   9,955000,15
00-0Станция Тверь-0,75ПМ (4 С 620)     шт.    199 300    99 300Тверь-  0,75    4    620Тверь  81 426 15 000 7 50012 500       1,90  1,10  1,97   52,38 3,22 6,60                    6,51   9,905000,15
00-0Станция Тверь-0,75ПНМ (4 П 620)    шт.    1110 50   110 500Тверь-  0,75    4  Н 620Тверь  90 610 15 000 7 50012 500       2,30  1,10  1,97   62,97 3,70 7,43                    7,81  11,545000,15
00-0Станция Тверь-0,75НП (4 С 1020)    шт.    192 300    92 300Тверь-  0,75    4Н  1020Тверь  75 686 14 000 9 50014 500       2,30  1,10  1,67   62,97 3,28 6,49                    6,73   9,955000,15
00-0Станция Тверь-0,75НПМ (4 С 1320)   шт.    1110 50   110 500Тверь-  0,75    4Н  1320Тверь  90 610 15 000 9 50014 500       2,30  1,10  1,97   62,97 3,70 7,43                    7,81  11,547000,15
00-0Станция Тверь-0,75НПН (4 П 1020)   шт.    1101 70   101 700Тверь-  0,75    4Н Н1020Тверь  83 394 14 000 9 50014 500       2,70  1,10  1,67   73,56 3,71 7,22                    7,85  11,375000,15
00-0Станция Тверь-0,75НПНМ (4 П 1320)  шт.    1120 00   120 000Тверь-  0,75    4Н Н1320Тверь  98 400 15 000 9 50014 500       2,70  1,10  1,97   73,56 4,18 8,26                    9,11  13,197000,15
00-0Станция Тверь-0,85П (5 С 320)      шт.    189 800    89 800Тверь-  0,85    5    320Тверь  73 636 16 000 7 50012 500       2,15  1,10  1,67   62,75 3,12 6,22                    6,31   9,425000,15
00-0Станция Тверь-0,85ПН (5 П 320)     шт.    199 200    99 200Тверь-  0,85    5  Н 320Тверь  81 344 16 000 7 50012 500       2,60  1,10  1,67   73,42 3,60 7,04                    7,57  11,015000,15
00-0Станция Тверь-0,85ПМ (5 С 620)     шт.    1110 90   110 900Тверь-  0,85    5    620Тверь  90 938 17 000 7 50012 500       2,15  1,10  1,97   62,75 3,52 7,12                    7,32  10,935000,15
00-0Станция Тверь-0,85ПНМ (5 П 620)    шт.    1121 90   121 900Тверь-  0,85    5  Н 620Тверь  99 958 17 000 7 50012 500       2,60  1,10  1,97   73,42 4,06 8,05                    8,79  12,785000,15
00-0Станция Тверь-0,85НП (5 С 1020)    шт.    199 200    99 200Тверь-  0,85    5Н  1020Тверь  81 344 16 000 9 50014 500       2,60  1,10  1,67   73,42 3,60 7,04                    7,57  11,015000,15
00-0Станция Тверь-0,85НПМ (5 С 1320)   шт.    1121 90   121 900Тверь-  0,85    5Н  1320Тверь  99 958 17 000 9 50014 500       2,60  1,10  1,97   73,42 4,06 8,05                    8,79  12,787000,15
00-0Станция Тверь-0,85НПН (5 П 1020)   шт.    1109 70   109 700Тверь-  0,85    5Н Н1020Тверь  89 954 16 000 9 50014 500       3,00  1,10  1,67   74,01 4,03 7,77                    8,70  12,445000,15
#Н/ДСтанция Тверь-0,85НПН +0,2м (5 П 12шт.    1115 70   115 700Тверь-  0,85    5Н Н1220Тверь  94 874 16 500 9 50014 500       3,00  1,10  1,87   74,01 4,37 8,51                    9,63  13,776000,15
00-0Станция Тверь-0,85НПНМ (5 П 1320)  шт.    1133 80   133 800Тверь-  0,85    5Н Н1320Тверь 109 716 17 000 9 50014 500       3,00  1,10  1,97   74,01 4,54 8,88                   10,09  14,437000,15
00-0Станция Тверь-1П (6 С 320)         шт.    1102 80   102 800Тверь-     1    6    320Тверь  79 156 16 000 7 50012 500       2,60  1,10  1,67   73,12 3,67 6,68                    7,29  10,305000,25
00-0Станция Тверь-1ПН (6 П 320)        шт.    1112 30   112 300Тверь-     1    6  Н 320Тверь  86 471 16 000 7 50012 500       3,00  1,10  1,67   73,71 4,10 7,41                    8,42  11,725000,25
00-0Станция Тверь-1ПМ (6 С 620)        шт.    1117 60   117 600Тверь-     1    6    620Тверь  90 552 17 000 7 50012 500       2,60  1,10  1,97   73,12 4,14 7,64                    8,46  11,965000,25
00-0Станция Тверь-1ПНМ (6 П 620)       шт.    1128 40   128 400Тверь-     1    6  Н 620Тверь  98 868 17 000 7 50012 500       3,00  1,10  1,97   73,71 4,62 8,46                    9,77  13,615000,25
#Н/ДСтанция Тверь-1ПНМ +0,2м (6 П 820) шт.    1134 40   134 400Тверь-     1    6  Н 820Тверь 103 488 17 500 7 50012 500       3,00  1,10  2,17   73,71 4,97 9,17                   10,67  14,865000,25
00-0Станция Тверь-1НП (6 С 1020)       шт.    1112 30   112 300Тверь-     1    6Н  1020Тверь  86 471 16 000 9 50014 500       3,00  1,10  1,67   73,71 4,10 7,41                    8,42  11,725000,25
00-0Станция Тверь-1НПМ (6 С 1320)      шт.    1128 40   128 400Тверь-     1    6Н  1320Тверь  98 868 17 000 9 50014 500       3,00  1,10  1,97   73,71 4,62 8,46                    9,77  13,617000,25
00-0Станция Тверь-1НПН (6 П 1020)      шт.    1121 80   121 800Тверь-     1    6Н Н1020Тверь  93 786 16 000 9 50014 500       3,40  1,10  1,67   84,31 4,53 8,14                    9,54  13,155000,25
00-0Станция Тверь-1НПНМ (6 П 1320)     шт.    1140 40   140 400Тверь-     1    6Н Н1320Тверь 108 108 17 000 9 50014 500       3,40  1,10  1,97   84,31 5,10 9,29                   11,07  15,267000,25
00-0Станция Тверь-1,2П (7 С 320)       шт.    1111 00   111 000Тверь-   1,2    7    320Тверь  85 470 18 000 8 50013 500       2,80  1,10  1,67   73,42 3,88 7,04                    7,85  11,015000,25
00-0Станция Тверь-1,2ПН (7 П 320)      шт.    1121 00   121 000Тверь-   1,2    7  Н 320Тверь  93 170 18 000 8 50013 500       3,20  1,10  1,67   84,01 4,31 7,77                    8,98  12,445000,25
00-0Станция Тверь-1,2ПМ (7 С 620)      шт.    1127 00   127 000Тверь-   1,2    7    620Тверь  97 790 19 000 8 50013 500       2,80  1,10  1,97   73,42 4,38 8,05                    9,11  12,785000,25
00-0Станция Тверь-1,2ПНМ (7 П 620)     шт.    1137 50   137 500Тверь-   1,2    7  Н 620Тверь 105 875 19 000 8 50013 500       3,20  1,10  1,97   84,01 4,86 8,88                   10,42  14,435000,25
00-0Станция Тверь-1,2НП (7 С 1020)     шт.    1121 00   121 000Тверь-   1,2    7Н  1020Тверь  93 170 18 00010 50015 500       3,20  1,10  1,67   84,01 4,31 7,77                    8,98  12,445000,25
00-0Станция Тверь-1,2НПМ (7 С 1320)    шт.    1137 50   137 500Тверь-   1,2    7Н  1320Тверь 105 875 19 00010 50015 500       3,20  1,10  1,97   84,01 4,86 8,88                   10,42  14,437000,25
00-0Станция Тверь-1,2НПН (7 П 1020)    шт.    1131 00   131 000Тверь-   1,2    7Н Н1020Тверь 100 870 18 00010 50015 500       3,60  1,10  1,67   8 4,6 4,74 8,50                   10,10  13,865000,25
00-0Станция Тверь-1,2НПНМ (7 П 1320)   шт.    1148 50   148 500Тверь-   1,2    7Н Н1320Тверь 114 345 19 00010 50015 500       3,60  1,10  1,97   8 4,6 5,34 9,70                   11,72  16,087000,25
00-0Станция Тверь-1,5П (9 С 320)       шт.    1125 00   125 000Тверь-   1,5    9    320Тверь  96 250 19 500 9 50014 500       3,40  1,10  1,67   84,31 4,53 8,14                    9,54  13,155000,25
00-0Станция Тверь-1,5ПН (9 П 320)      шт.    1136 60   136 600Тверь-   1,5    9  Н 320Тверь 105 182 19 500 9 50014 500       3,85  1,10  1,67   94,97 5,01 8,96                   10,80  14,745000,25
00-0Станция Тверь-1,5ПМ (9 С 620)      шт.    1143 60   143 600Тверь-   1,5    9    620Тверь 110 572 20 500 9 50014 500       3,40  1,10  1,97   84,31 5,10 9,29                   11,07  15,265000,25
00-0Станция Тверь-1,5ПНМ (9 П 620)     шт.    1154 40   154 400Тверь-   1,5    9  Н 620Тверь 118 888 20 500 9 50014 500       3,85  1,10  1,97   94,97 5,6410,22                   12,53  17,115000,25
00-0Станция Тверь-1,5НП (9 С 1020)     шт.    1136 60   136 600Тверь-   1,5    9Н  1020Тверь 105 182 19 50011 50016 500       3,85  1,10  1,67   94,97 5,01 8,96                   10,80  14,745000,25
00-0Станция Тверь-1,5НПМ (9 С 1320)    шт.    1154 40   154 400Тверь-   1,5    9Н  1320Тверь 118 888 20 50011 50016 500       3,85  1,10  1,97   94,97 5,6410,22                   12,53  17,117000,25
00-0Станция Тверь-1,5НПН (9 П 1020)    шт.    1148 20   148 200Тверь-   1,5    9Н Н1020Тверь 114 114 19 50011 50016 500       4,30  1,10  1,67   95,64 5,50 9,78                   12,06  16,345000,25
00-0Станция Тверь-1,5НПНМ (9 П 1320)   шт.    1165 40   165 400Тверь-   1,5    9Н Н1320Тверь 127 358 20 50011 50016 500       4,30  1,10  1,97   95,64 6,1811,15                   14,00  18,977000,25
00-0Станция Тверь-2П (12 С 320)        шт.    1156 90   156 900Тверь-     2   12    320Тверь 120 813 22 00010 00015 000       4,00  1,30  1,67   96,14 5,57 9,74                   12,72  16,895000,25
00-0Станция Тверь-2ПН (12 П 320)       шт.    1168 10   168 100Тверь-     2   12  Н 320Тверь 129 437 22 00010 00015 000       4,50  1,30  1,67  107,02 6,1410,69                   14,31  18,855000,25
00-0Станция Тверь-2ПМ (12 С 620)       шт.    1167 60   167 600Тверь-     2   12    620Тверь 129 052 23 00010 00015 000       4,00  1,30  1,97   96,14 6,2511,09                   14,76  19,605000,25
00-0Станция Тверь-2ПНМ (12 П 620)      шт.    1179 40   179 400Тверь-     2   12  Н 620Тверь 138 138 23 00010 00015 000       4,50  1,30  1,97  107,02 6,8812,15                   16,60  21,875000,25
00-0Станция Тверь-2НП (12 С 1020)      шт.    1168 10   168 100Тверь-     2   12Н  1020Тверь 129 437 22 00012 00017 000       4,50  1,30  1,67  107,02 6,1410,69                   14,31  18,855000,25
00-0Станция Тверь-2НПМ (12 С 1320)     шт.    1179 40   179 400Тверь-     2   12Н  1320Тверь 138 138 23 00012 00017 000       4,50  1,30  1,97  107,02 6,8812,15                   16,60  21,877000,25
00-0Станция Тверь-2НПН (12 П 1020)     шт.    1179 30   179 300Тверь-     2   12Н Н1020Тверь 138 061 22 00012 00017 000       4,85  1,30  1,67  117,63 6,5411,35                   15,42  20,225000,25
00-0Станция Тверь-2НПНМ (12 П 1320)    шт.    1190 60   190 600Тверь-     2   12Н Н1320Тверь 146 762 23 00012 00017 000       4,85  1,30  1,97  117,63 7,3212,89                   17,89  23,477000,25
00-0Станция Тверь-3П (18 С 320)        шт.    1176 90   176 900Тверь-     3   18    320Тверь 136 213 25 00011 00016 000       4,00  1,60  1,67  107,56 6,1710,51                   14,96  19,305000,25
00-0Станция Тверь-3ПН (18 П 320)       шт.    1188 10   188 100Тверь-     3   18  Н 320Тверь 144 837 25 00011 00016 000       4,50  1,60  1,67  118,64 6,7811,49                   16,83  21,545000,25
00-0Станция Тверь-3ПМ (18 С 620)       шт.    1191 60   191 600Тверь-     3   18    620Тверь 147 532 26 00011 00016 000       4,00  1,60  1,97  107,56 6,8911,92                   17,36  22,395000,25
00-0Станция Тверь-3ПНМ (18 П 620)      шт.    1200 40   200 400Тверь-     3   18  Н 620Тверь 154 308 26 00011 00016 000       4,50  1,60  1,97  118,64 7,5613,03                   19,53  25,005000,25
00-0Станция Тверь-3НП (18 С 1020)      шт.    1188 10   188 100Тверь-     3   18Н  1020Тверь 144 837 25 00013 00018 000       4,50  1,60  1,67  118,64 6,7811,49                   16,83  21,545000,25
00-0Станция Тверь-3НПМ (18 С 1320)     шт.    1200 40   200 400Тверь-     3   18Н  1320Тверь 154 308 26 00013 00018 000       4,50  1,60  1,97  118,64 7,5613,03                   19,53  25,007000,25
00-0Станция Тверь-3НПН (18 П 1020)     шт.    1199 30   199 300Тверь-     3   18Н Н1020Тверь 153 461 25 00013 00018 000       5,00  1,60  1,67  119,72 7,4012,48                   18,70  23,795000,25
00-0Станция Тверь-3НПНМ (18 П 1320)    шт.    1211 60   211 600Тверь-     3   18Н Н1320Тверь 162 932 26 00013 00018 000       5,00  1,60  1,97  119,72 8,2414,14                   21,70  27,607000,25
00-0Септик Росток Мини                 шт.    125 900    25 900Росток      Мини        Росто  18 130 12 000            3 000  1,28  1,10  1,64   2   1 2,82 5,31                    4,37   6,86500
00-0Септик Росток Дачный               шт.    131 900    31 900Росток      Дачный      Росто  22 330 14 000            3 000  1,68  1,11  1,72   3 1,5 3,71 6,61                    5,73   8,63500
00-0Септик Росток Загородный           шт.    146 900    46 900Росток      Загородный  Росто  32 830 16 000            5 000  2,22  1,31  1,88   5 2,4 5,50 9,24                    8,84  12,58500
00-0Септик Росток Коттеджный           шт.    155 900    55 900Росток      Коттеджный  Росто  39 130 19 000            5 000  2,36  1,44  1,97   5   3 6,3210,45                   10,49  14,63500
00-0Биофильтр Росток плюс              шт.    133 000    33 000Росток                  Росто  23 100 14 000            3 000  1,68  1,11  1,72   3   1 3,71 6,61                    5,73   8,63500
00-0Септик Термит Профи накопитель 1.2 шт.    118 000    18 000Термит Профи накопитель Терми  12 600 12 000            3 000  1,34  1,16  1,57   3 1,2 2,85 5,31 569  12 1062  22   4,52   6,98500
00-0Септик Термит Профи 1.2            шт.    121 500    21 500Термит П 0,4    2       Терми  15 050 12 000            3 000  1,34  1,16  1,57   3 1,2 2,85 5,31 569  12 1062  22   4,52   6,98500
00-0Септик Термит Профи накопитель 2.0 шт.    124 000    24 000Термит Профи накопитель Терми  16 800 16 000            3 000  1,60  1,16  2,00   3   2 4,31 7,62 861  18 1525  31   6,51   9,83500
00-0Септик Термит Профи 2.0            шт.    129 900    29 900Термит П 0,8    4       Терми  20 930 16 000            3 000  1,60  1,16  2,00   3   2 4,31 7,62 861  18 1525  31   6,51   9,83500
00-0Септик Термит Профи накопитель 2.5 шт.    130 100    30 100Термит Профи накопитель Терми  21 070 18 000            5 000  2,00  1,16  2,01   4 2,5 5,22 8,891044  21 1777  36   7,86  11,52500
00-0Септик Термит Профи 2.5            шт.    136 000    36 000Термит П   1    5       Терми  25 200 18 000            5 000  2,00  1,16  2,01   4 2,5 5,22 8,891044  21 1777  36   7,86  11,52500
00-0Септик Термит Профи накопитель 3.0 шт.    137 000    37 000Термит Профи накопитель Терми  25 900 19 000            5 000  2,30  1,16  1,91   4   3 5,53 9,261106  23 1853  38   8,42  12,15500
00-0Септик Термит Профи 3.0            шт.    143 000    43 000Термит П 1,2    6       Терми  30 100 19 000            5 000  2,30  1,16  1,91   4   3 5,53 9,261106  23 1853  38   8,42  12,15500
00-0Септик Термит Профи накопитель 3.5 шт.    140 900    40 900Термит Профи накопитель Терми  28 630 21 000            7 000  2,41  1,19  2,01   4 3,5 6,2110,251241  25 2050  41   9,40  13,45500
00-0Септик Термит Профи 3.5            шт.    147 900    47 900Термит П 1,8    7       Терми  33 530 21 000            7 000  2,41  1,19  2,01   4 3,5 6,2110,251241  25 2050  41   9,40  13,45500
00-0Септик Термит Профи накопитель 5.5 шт.    158 900    58 900Термит Профи накопитель Терми  41 230 25 000            7 000  2,22  1,65  2,40   6 5,5 8,1813,241636  33 2648  53  13,40  18,46500
00-0Септик Термит Профи 5.5            шт.    169 000    69 000Термит П 2,2   12       Терми  48 300 25 000            7 000  2,22  1,65  2,40   6 5,5 8,1813,241636  33 2648  53  13,40  18,46500
00-0Септик Термит Трансформер 1.3 S    шт.    126 000    26 000Термит Т 0,5    2       Терми  18 200 14 000            3 000  2,00  0,79  1,56   3 1,3 3,25 5,89 650  13 1177  24   4,71   7,34500
00-0Септик Термит Трансформер 1.3 PR   шт.    131 900    31 900Термит Т 0,5    2  П    Терми  22 330 14 000            3 000  2,00  0,79  1,56   3 1,3 3,25 5,89 650  13 1177  24   4,71   7,34500
00-0Септик Термит Трансформер 1.5 S    шт.    128 900    28 900Термит Т 0,6    3       Терми  20 230 16 000            3 000  2,00  0,80  2,00   3 1,5 4,28 7,64 856  18 1528  31   6,05   9,41500
00-0Септик Термит Трансформер 1.5 PR   шт.    134 600    34 600Термит Т 0,6    3  П    Терми  24 220 16 000            3 000  2,00  0,80  2,00   3 1,5 4,28 7,64 856  18 1528  31   6,05   9,41500
00-0Септик Термит Трансформер 2.0 S    шт.    134 000    34 000Термит Т 0,8    4       Терми  23 800 16 000            3 000  2,00  1,00  2,10   3   2 5,12 8,821024  21 1763  36   7,39  11,09500
00-0Септик Термит Трансформер 2.0 PR   шт.    139 400    39 400Термит Т 0,8    4  П    Терми  27 580 16 000            3 000  2,00  1,00  2,10   3   2 5,12 8,821024  21 1763  36   7,39  11,09500
00-0Септик Термит Трансформер 2.5 S    шт.    139 900    39 900Термит Т   1    5       Терми  27 930 18 000            5 000  2,05  1,05  2,11   3 2,5 5,40 9,201080  22 1841  37   7,85  11,65500
00-0Септик Термит Трансформер 2.5 PR   шт.    145 700    45 700Термит Т   1    5  П    Терми  31 990 18 000            5 000  2,05  1,05  2,11   3 2,5 5,40 9,201080  22 1841  37   7,85  11,65500
00-0Септик Термит Трансформер 3.0 S    шт.    146 900    46 900Термит Т 1,2    6       Терми  32 830 19 000            5 000  2,19  1,20  2,07   4   3 5,96 9,951192  24 1989  40   8,99  12,98500
00-0Септик Термит Трансформер 3.0 PR   шт.    152 500    52 500Термит Т 1,2    6  П    Терми  36 750 19 000            5 000  2,19  1,20  2,07   4   3 5,96 9,951192  24 1989  40   8,99  12,98500
00-0Станция Ergobox  3 S               шт.    155 000    55 000Ergobox  0,5    3    900Ergob  38 500 14 000 7 50012 500       1,56  0,79  2,00   21,34 2,78 5,76 557  12 1152  24   4,87   7,84500
00-0Станция Ergobox  3 PR в комплекте сшт.    160 800    60 800Ergobox  0,5    3    900Ergob  42 560 14 000 7 50012 500       1,56  0,79  2,00   21,34 2,78 5,76 557  12 1152  24   4,87   7,84500
00-0Станция Ergobox  4 S               шт.    159 000    59 000Ergobox  0,8    4    900Ergob  41 300 16 000 7 50012 500       2,00  0,80  2,00   31,76 3,61 6,97 723  15 1395  28   6,05   9,41500
00-0Станция Ergobox  4 PR в комплекте сшт.    164 800    64 800Ergobox  0,8    4    900Ergob  45 360 16 000 7 50012 500       2,00  0,80  2,00   31,76 3,61 6,97 723  15 1395  28   6,05   9,41500
00-0Станция Ergobox  6 S               шт.    169 000    69 000Ergobox  1,3    6    900Ergob  48 300 17 000 7 50012 500       2,00  1,00  2,10   3 2,4 4,45 8,15 890  18 1629  33   7,39  11,09500
00-0Станция Ergobox  6 PR в комплекте сшт.    174 800    74 800Ergobox  1,3    6    900Ergob  52 360 17 000 7 50012 500       2,00  1,00  2,10   3 2,4 4,45 8,15 890  18 1629  33   7,39  11,09500
00-0Станция Ergobox  8 S               шт.    182 400    82 400Ergobox  1,6    8    900Ergob  57 680 19 000 8 50013 500       2,05  1,05  2,11   3 2,6 4,75 8,55 950  20 1710  35   7,85  11,65500
00-0Станция Ergobox  8 PR в комплекте сшт.    188 200    88 200Ergobox  1,6    8    900Ergob  61 740 19 000 8 50013 500       2,05  1,05  2,11   3 2,6 4,75 8,55 950  20 1710  35   7,85  11,65500
00-0Станция Ergobox 10 S               шт.    199 900    99 900Ergobox  1,9   10    900Ergob  69 930 21 000 9 50014 500       2,19  1,20  2,07   43,07 5,60 9,581120  23 1916  39   8,99  12,98500
00-0Станция Ergobox 10 PR в комплекте сшт.    1105 70   105 700Ergobox  1,9   10    900Ergob  73 990 21 000 9 50014 500       2,19  1,20  2,07   43,07 5,60 9,581120  23 1916  39   8,99  12,98500
00-0Станция Кристалл-5                 шт.    180 000    72 000Кристалл   1    5    700Крист  52 000 16 000 7 50012 500       1,20  1,20  2,11   4 1,2 3,81 6,85                    5,40   8,44500
00-0Станция Кристалл-5 Лонг            шт.    190 000    81 000Кристалл   1    5   1200Крист  58 500 19 000 7 50012 500       1,20  1,20  2,61   4 1,2 4,72 8,48                    6,68  10,44600
00-0Станция Кристалл-8                 шт.    1105 00    94 500Кристалл 1,6    8    700Крист  68 250 18 000 8 50013 500       1,50  1,50  2,11   4 1,9 5,29 8,84                    7,62  11,16500
00-0Станция Кристалл-8 Лонг            шт.    1114 00   102 600Кристалл 1,6    8   1200Крист  74 100 21 000 8 50013 500       1,50  1,50  2,61   4 1,9 6,5510,93                    9,42  13,81600
00-0Септик Танк-1                      шт.    134 900    34 900Танк     0,6    3    700Танк   24 430 12 000            3 000  1,20  1,00  1,70   2 1,2 2,48 4,23 495  10  846  17   4,03   6,48500
00-0Септик Танк-2                      шт.    150 500    50 500Танк     0,8    4    700Танк   35 350 16 000            5 000  1,80  1,20  1,70   3   2 3,69 5,78 737  15 1155  24   6,34   9,36500
00-0Септик Танк-2,5                    шт.    158 300    58 300Танк       1    5    700Танк   40 810 18 000            5 000  2,03  1,20  1,85   4 2,5 4,51 6,58 902  19 1317  27   7,58  11,04500
00-0Септик Танк-3                      шт.    175 000    75 000Танк     1,2    6    700Танк   52 500 19 000            5 000  2,20  1,20  2,00   4   3 5,32 7,331063  22 1466  30   8,74  12,60500


    Себестоимость станции                                                                                                                                  ЦПС  цемепесок
    БиоДека3                             70%                                                                                                               Коло    1  15
    БиоДека5…                            65%                                                                                                               Ergob   1   5
    Genesis                              44%                                                                                                               Танк    1   5
    Коло Веси                            50%                                                                                                               Росток
    Астра                                65%                                                                                                               ЕвроЛ   1  10
    Топас                                70%                                                                                                               Эргобокс
    Тверь до 1м3                         82%                                                                                                               Терми   1   5
    Тверь сверх 1 м3                     77%
    БиоПурит                             70%
    Росток                               70%
    ЕвроБион                             66%
    ЕвроЛос                              70%
    ЕвроЛос с горл                       70%
    Кристалл                             65%
    Ergobox                              70%
    Танк                                 70%
    Термит                               70%
