																							песок		цемент				котлован			
Артикул	Наименование	Ед. изм.	Кол-во	Цена	Стоимость	марка станции	производительность	расч на кол-во чел	фекальный нас	с/п	гл заложения подводящей трубы	используется для расчетов	Себестоимость	монтаж	ПНР	РШМ	якорение	дл	шир	выс	утепл	вода	вручную 0,2м	техника 0,4м	вручную 0,2м		техника 0,4м		вручную 0,2м	техника 0,4м	прокл тр	ширина грунтозацепов
																									кг	мешок	кг	мешок	0,2	0,4		
00-00000365	Станция БиоДека 3 С 600                                      со скидкой	шт.	1	69 300	65 900	БиоДека		3		С	600	БиоДека3	48 510	14 000	7 500	12 500		1,06	1,06	1,84	3	1,1	2,72	5,43					4,35	7,06	500	
00-00000366	Станция БиоДека 3 П 600                                      со скидкой	шт.	1	71 300	67 900	БиоДека		3		П	600	БиоДека3	49 910	14 000	7 500	12 500		1,06	1,06	1,84	3	1,1	2,72	5,43					4,35	7,06	500	
00-00000367	Станция БиоДека 5 С 800                                      со скидкой	шт.	1	76 600	73 200	БиоДека		5		С	800	БиоДека5…	49 790	16 000	7 500	12 500		1,06	1,06	2,34	3	1,4	3,35	6,72					5,41	8,79	500	
00-00000368	Станция БиоДека 5 П 800                                      со скидкой	шт.	1	78 600	75 200	БиоДека		5		П	800	БиоДека5…	51 090	16 000	7 500	12 500		1,06	1,06	2,34	3	1,4	3,35	6,72					5,41	8,79	500	
00-00000369	Станция БиоДека 5 С 1300                                      со скидкой	шт.	1	83 680	79 500	БиоДека		5		С	1 300	БиоДека5…	54 392	19 000	7 500	12 500		1,06	1,06	2,84	3	1,4	3,97	8,01					6,48	10,52	800	
00-00000370	Станция БиоДека 5 П 1300                                      со скидкой	шт.	1	85 680	81 500	БиоДека		5		П	1 300	БиоДека5…	55 692	19 000	7 500	12 500		1,06	1,06	2,84	3	1,4	3,97	8,01					6,48	10,52	800	
00-00000371	Станция БиоДека 5 С 1800                                      со скидкой	шт.	1	107 890	102 500	БиоДека		5		С	1 800	БиоДека5…	70 129	21 000	7 500	12 500		1,06	1,06	3,34	3	1,4	4,60	9,30					7,55	12,25	800	
00-00000372	Станция БиоДека 5 П 1800                                      со скидкой	шт.	1	109 890	104 500	БиоДека		5		П	1 800	БиоДека5…	71 429	21 000	7 500	12 500		1,06	1,06	3,34	3	1,4	4,60	9,30					7,55	12,25	800	
00-00000373	Станция БиоДека 8 С 800                                      со скидкой	шт.	1	102 980	97 900	БиоДека		8		С	800	БиоДека5…	66 937	18 000	8 500	13 500		1,35	1,35	2,35	4	2,2	4,45	8,42					7,81	11,79	500	
00-00000374	Станция БиоДека 8 П 800                                      со скидкой	шт.	1	104 980	99 900	БиоДека		8		П	800	БиоДека5…	68 237	18 000	8 500	13 500		1,35	1,35	2,35	4	2,2	4,45	8,42					7,81	11,79	500	
00-00000375	Станция БиоДека 8 С 1300                                      со скидкой	шт.	1	113 350	107 700	БиоДека		8		С	1 300	БиоДека5…	73 678	21 000	8 500	13 500		1,35	1,35	2,85	4	2,2	5,26	10,02					9,34	14,10	800	
00-00000376	Станция БиоДека 8 П 1300                                      со скидкой	шт.	1	115 350	109 700	БиоДека		8		П	1 300	БиоДека5…	74 978	21 000	8 500	13 500		1,35	1,35	2,85	4	2,2	5,26	10,02					9,34	14,10	800	
00-00000377	Станция БиоДека 8 С 1800                                      со скидкой	шт.	1	124 700	118 500	БиоДека		8		С	1 800	БиоДека5…	81 055	23 000	8 500	13 500		1,35	1,35	3,35	4	2,2	6,08	11,61					10,87	16,41	800	
00-00000378	Станция БиоДека 8 П 1800                                      со скидкой	шт.	1	126 700	120 500	БиоДека		8		П	1 800	БиоДека5…	82 355	23 000	8 500	13 500		1,35	1,35	3,35	4	2,2	6,08	11,61					10,87	16,41	800	
00-00000379	Станция БиоДека 10 С 800                                      со скидкой	шт.	1	129 780	123 300	БиоДека		10		С	800	БиоДека5…	84 357	21 000	9 500	14 500		1,6	1,6	2,35	5	3,1	5,48	9,96					10,20	14,69	500	
00-00000380	Станция БиоДека 10 П 800                                      со скидкой	шт.	1	131 780	125 300	БиоДека		10		П	800	БиоДека5…	85 657	21 000	9 500	14 500		1,6	1,6	2,35	5	3,1	5,48	9,96					10,20	14,69	500	
00-00000381	Станция БиоДека 10 С 1000                                      со скидкой	шт.	1	136 820	130 000	БиоДека		10		С	1 000	БиоДека5…	88 933	22 000	9 500	14 500		1,6	1,6	2,56	5	3,1	5,89	10,75					11,04	15,90	600	
00-00000382	Станция БиоДека 10 П 1000                                      со скидкой	шт.	1	138 820	132 000	БиоДека		10		П	1 000	БиоДека5…	90 233	22 000	9 500	14 500		1,6	1,6	2,56	5	3,1	5,89	10,75					11,04	15,90	600	
00-00000383	Станция БиоДека 10 С 1500                                      со скидкой	шт.	1	158 000	150 100	БиоДека		10		С	1 500	БиоДека5…	102 700	25 000	9 500	14 500		1,6	1,6	3,06	5	3,1	6,89	12,63					13,04	18,78	800	
00-00000384	Станция БиоДека 10 П 1500                                      со скидкой	шт.	1	160 000	152 100	БиоДека		10		П	1 500	БиоДека5…	104 000	25 000	9 500	14 500		1,6	1,6	3,06	5	3,1	6,89	12,63					13,04	18,78	800	
00-00000385	Станция БиоДека 15 С 800                                      со скидкой	шт.	1	158 940	151 000	БиоДека		15		С	800	БиоДека5…	103 311	24 000	10 500	15 500		2,00	2,00	2,36	6	4,9	7,33	12,66					14,75	20,07	500	
00-00000386	Станция БиоДека 15 П 800                                      со скидкой	шт.	1	160 940	153 000	БиоДека		15		П	800	БиоДека5…	104 611	24 000	10 500	15 500		2,00	2,00	2,36	6	4,9	7,33	12,66					14,75	20,07	500	
00-00000387	Станция БиоДека 15 С 1000                                      со скидкой	шт.	1	169 000	160 600	БиоДека		15		С	1 000	БиоДека5…	109 850	25 000	10 500	15 500		2,00	2,00	2,57	6	4,9	7,88	13,64					15,96	21,72	600	
00-00000388	Станция БиоДека 15 П 1000                                      со скидкой	шт.	1	171 000	162 600	БиоДека		15		П	1 000	БиоДека5…	111 150	25 000	10 500	15 500		2,00	2,00	2,57	6	4,9	7,88	13,64					15,96	21,72	600	
00-00000389	Станция БиоДека 15 С 1500                                      со скидкой	шт.	1	176 840	168 000	БиоДека		15		С	1 500	БиоДека5…	114 946	28 000	10 500	15 500		2,00	2,00	3,07	6	4,9	9,19	15,99					18,84	25,64	800	
00-00000390	Станция БиоДека 15 П 1500                                      со скидкой	шт.	1	178 840	170 000	БиоДека		15		П	1 500	БиоДека5…	116 246	28 000	10 500	15 500		2,00	2,00	3,07	6	4,9	9,19	15,99					18,84	25,64	800	
00-00000391	Станция БиоДека 20 С 800                                      со скидкой	шт.	1	215 050	204 300	БиоДека		20		С	800	БиоДека5…	139 783	26 000	11 500	16 500		2,16	2,16	2,36	6	5,7	8,13	13,78					16,78	22,43	500	
00-00000392	Станция БиоДека 20 П 800                                      со скидкой	шт.	1	217 050	206 300	БиоДека		20		П	800	БиоДека5…	141 083	26 000	11 500	16 500		2,16	2,16	2,36	6	5,7	8,13	13,78					16,78	22,43	500	
00-00000393	Станция БиоДека 20 С 1000                                      со скидкой	шт.	1	221 650	210 600	БиоДека		20		С	1 000	БиоДека5…	144 073	27 000	11 500	16 500		2,16	2,16	2,57	6	5,8	8,74	14,85					18,15	24,27	600	
00-00000394	Станция БиоДека 20 П 1000                                      со скидкой	шт.	1	223 650	212 600	БиоДека		20		П	1 000	БиоДека5…	145 373	27 000	11 500	16 500		2,16	2,16	2,57	6	5,8	8,74	14,85					18,15	24,27	600	
00-00000395	Станция БиоДека 20 С 1500                                      со скидкой	шт.	1	236 420	224 600	БиоДека		20		С	1 500	БиоДека5…	153 673	30 000	11 500	16 500		2,16	2,16	3,07	6	5,8	10,18	17,40					21,43	28,65	800	
00-00000396	Станция БиоДека 20 П 1500                                      со скидкой	шт.	1	238 420	226 600	БиоДека		20		П	1 500	БиоДека5…	154 973	30 000	11 500	16 500		2,16	2,16	3,07	6	5,8	10,18	17,40					21,43	28,65	800	
00-00001899	Станция Genesis 350	шт.	1	152 400	121 920	Genesis		5		С	600	Genesis	67 056	16 000	7 500	12 500		1,50	1,08	1,85	4	2,2	3,35	6,45					5,76	8,86	500	
00-00001900	Станция Genesis 350 ПР	шт.	1	167 400	133 920	Genesis		5		П	600	Genesis	73 656	16 000	7 500	12 500		1,50	1,08	1,85	4	2,2	3,35	6,45					5,76	8,86	500	
00-00001901	Станция Genesis 500	шт.	1	187 500	150 000	Genesis		8		С	800	Genesis	82 500	18 000	8 500	13 500		1,50	1,08	2,35	4	2,7	4,10	7,95					7,17	11,03	500	
00-00001902	Станция Genesis 500 ПР	шт.	1	202 500	162 000	Genesis		8		П	800	Genesis	89 100	18 000	8 500	13 500		1,50	1,08	2,35	4	2,7	4,10	7,95					7,17	11,03	500	
00-00001903	Станция Genesis 500 L	шт.	1	208 200	166 560	Genesis		8		С	1 300	Genesis	91 608	21 000	8 500	13 500		1,50	1,08	2,85	4	2,7	4,85	9,46					8,58	13,19	800	
00-00001904	Станция Genesis 500 L ПР	шт.	1	223 200	178 560	Genesis		8		С	1 300	Genesis	98 208	21 000	8 500	13 500		1,50	1,08	2,85	4	2,7	4,85	9,46					8,58	13,19	800	
00-00001905	Станция Genesis 700	шт.	1			Genesis		10		С	800	Genesis		21 000	9 500	14 500		1,70	1,35	2,35	5	3,5	5,08	9,41					9,37	13,71	500	
00-00001906	Станция Genesis 700 ПР	шт.	1			Genesis		10		П	800	Genesis		21 000	9 500	14 500		1,70	1,35	2,35	5	3,5	5,08	9,41					9,37	13,71	500	
00-00001907	Станция Genesis 700 L	шт.	1			Genesis		10		С	1 300	Genesis		24 000	9 500	14 500		1,70	1,35	2,85	5	3,5	6,00	11,19					11,21	16,39	800	
00-00001908	Станция Genesis 700 L ПР	шт.	1			Genesis		10		П	1 300	Genesis		24 000	9 500	14 500		1,70	1,35	2,85	5	3,5	6,00	11,19					11,21	16,39	800	
00-00001909	Станция Genesis 1000	шт.	1	241 500	193 200	Genesis		15		С	800	Genesis	106 260	24 000	10 500	15 500		2,10	1,60	2,35	6	5,4	6,43	11,43					12,75	17,75	500	
00-00001910	Станция Genesis 1000 ПР	шт.	1	256 875	205 500	Genesis		15		П	800	Genesis	113 025	24 000	10 500	15 500		2,10	1,60	2,35	6	5,4	6,43	11,43					12,75	17,75	500	
00-00001911	Станция Genesis 1000 L	шт.	1			Genesis		15		С	1 300	Genesis		27 000	10 500	15 500		2,10	1,60	2,85	6	5,4	7,59	13,57					15,25	21,23	800	
00-00001912	Станция Genesis 1000 L ПР	шт.	1			Genesis		15		П	1 300	Genesis		27 000	10 500	15 500		2,10	1,60	2,85	6	5,4	7,59	13,57					15,25	21,23	800	
00-00000397	Станция Топас 4 С 800                                       со скидкой	шт.	1	91 200	82 080	Топас		4		С	800	Топас	63 840	15 000	7 500	12 500		0,95	0,95	2,50	4	1,5	2,66	6,01					4,92	8,27	500	
00-00000398	Станция Топас 4 П 800                                       со скидкой	шт.	1	100 800	90 720	Топас		4		П	800	Топас	70 560	15 000	7 500	12 500		0,95	0,95	2,50	4	1,5	2,66	6,01					4,92	8,27	500	
00-00000399	Станция Топас 5 С 800                                       со скидкой	шт.	1	102 900	92 610	Топас		5		С	800	Топас	72 030	16 000	7 500	12 500		1,10	1,20	2,50	4	2,2	3,18	6,96					6,48	10,26	500	
00-00000400	Станция Топас 5 П 800                                       со скидкой	шт.	1	113 300	101 970	Топас		5		П	800	Топас	79 310	16 000	7 500	12 500		1,00	1,20	2,60	4	2,2	3,15	6,96					6,27	10,08	500	
00-00000401	Станция Топас 5 С 1400                                       со скидкой	шт.	1	127 300	114 570	Топас		5		С	1 400	Топас	89 110	19 000	7 500	12 500		1,10	1,20	3,10	4	2,2	3,83	8,45					7,92	12,54	800	
00-00000402	Станция Топас 5 П 1400                                       со скидкой	шт.	1	141 500	127 350	Топас		5		П	1 400	Топас	99 050	19 000	7 500	12 500		1,10	1,20	3,10	4	2,2	3,83	8,45					7,92	12,54	800	
00-00000403	Станция Топас 6 С 800                                       со скидкой	шт.	1	106 600	95 940	Топас		6		С	800	Топас	74 620	16 000	7 500	12 500		1,20	1,20	2,55	4	2,5	3,37	7,33					7,04	11,00	500	
00-00000404	Станция Топас 6 П 800                                       со скидкой	шт.	1	117 600	105 840	Топас		6		П	800	Топас	82 320	16 000	7 500	12 500		1,10	1,20	2,60	4	2,4	3,29	7,21					6,72	10,64	500	
00-00000405	Станция Топас 6 С 1400                                       со скидкой	шт.	1	131 200	118 080	Топас		6		С	1 400	Топас	91 840	19 000	7 500	12 500		1,20	1,00	3,10	4	2	3,67	8,16					7,39	11,88	800	
00-00000406	Станция Топас 6 П 1400                                       со скидкой	шт.	1	147 400	132 660	Топас		6		П	1 400	Топас	103 180	19 000	7 500	12 500		1,20	1,00	3,10	4	2	3,67	8,16					7,39	11,88	800	
00-00000407	Станция Топас 8 С 800                                       со скидкой	шт.	1	129 500	116 550	Топас		8		С	800	Топас	90 650	18 000	8 500	13 500		1,60	1,20	2,50	5	3,3	3,84	8,16					8,64	12,96	500	
00-00000408	Станция Топас 8 П 800                                       со скидкой	шт.	1	140 700	126 630	Топас		8		П	800	Топас	98 490	18 000	8 500	13 500		1,60	1,20	2,60	5	3,5	3,97	8,45					8,96	13,44	500	
00-00000409	Станция Топас 8 С 1400                                       со скидкой	шт.	1	146 100	131 490	Топас		8		С	1 400	Топас	102 270	21 000	8 500	13 500		1,60	1,20	3,10	5	3,3	4,61	9,89					10,56	15,84	800	
00-00000410	Станция Топас 8 П 1400                                       со скидкой	шт.	1	160 700	144 630	Топас		8		П	1 400	Топас	112 490	21 000	8 500	13 500		1,60	1,50	3,10	6	4,1	5,10	10,78					12,54	18,22	800	
00-00000411	Станция Топас 9 С 800                                       со скидкой	шт.	1	131 700	118 530	Топас		9		С	800	Топас	92 190	19 500	9 500	14 500		1,60	1,20	2,55	5	3,4	3,90	8,30					8,80	13,20	500	
00-00000412	Станция Топас 9 П 800                                       со скидкой	шт.	1	142 100	127 890	Топас		9		П	800	Топас	99 470	19 500	9 500	14 500		1,60	1,20	2,60	5	3,5	3,97	8,45					8,96	13,44	500	
00-00000413	Станция Топас 9 С 1400                                       со скидкой	шт.	1	150 700	135 630	Топас		9		С	1 400	Топас	105 490	22 500	9 500	14 500		1,60	1,20	3,10	5	3,3	4,61	9,89					10,56	15,84	800	
00-00000414	Станция Топас 9 П 1400                                       со скидкой	шт.	1	163 300	146 970	Топас		9		П	1 400	Топас	114 310	22 500	9 500	14 500		1,50	1,20	3,10	5	3,1	4,45	9,60					10,03	15,18	800	
00-00000415	Станция Топас 9 С 1400 Ус                                      со скидкой	шт.	1	172 100	154 890	Топас		9		С	1 400	Топас	120 470	22 500	9 500	14 500		1,80	1,40	3,10	6	4,3	5,26	11,06					13,07	18,88	800	
00-00000416	Станция Топас 9 П 1400 Ус                                      со скидкой	шт.	1	183 900	165 510	Топас		9		П	1 400	Топас	128 730	22 500	9 500	14 500		1,70	1,35	3,10	6	3,9	5,01	10,62					12,13	17,74	800	
00-00000417	Станция Топас 10 С 800                                       со скидкой	шт.	1	168 600	151 740	Топас		10		С	800	Топас	118 020	21 000	9 500	14 500		2,10	1,20	2,50	6	4,3	4,50	9,36					10,80	15,66	500	
00-00000418	Станция Топас 10 П 800                                       со скидкой	шт.	1	179 500	161 550	Топас		10		П	800	Топас	125 650	21 000	9 500	14 500		2,10	1,20	2,60	6	4,5	4,65	9,69					11,20	16,24	500	
00-00000419	Станция Топас 10 С 1400                                       со скидкой	шт.	1	189 700	170 730	Топас		10		С	1 400	Топас	132 790	24 000	9 500	14 500		2,10	1,20	3,10	6	4,3	5,39	11,33					13,20	19,14	800	
00-00000420	Станция Топас 10 П 1400                                       со скидкой	шт.	1	210 900	189 810	Топас		10		П	1 400	Топас	147 630	24 000	9 500	14 500		2,10	1,20	3,10	6	4,3	5,39	11,33					13,20	19,14	800	
00-00000421	Станция Топас 10 С 1400 Ус                                      со скидкой	шт.	1	218 700	196 830	Топас		10		С	1 400	Топас	153 090	24 000	9 500	14 500		2,10	1,20	3,10	6	4,3	5,39	11,33					13,20	19,14	800	
00-00000422	Станция Топас 10 П 1400 Ус                                      со скидкой	шт.	1	230 100	207 090	Топас		10		П	1 400	Топас	161 070	24 000	9 500	14 500		2,10	1,20	3,10	6	4,3	5,39	11,33					13,20	19,14	800	
00-00000423	Станция Топас 12 С 800                                       со скидкой	шт.	1	172 400	155 160	Топас		12		С	800	Топас	120 680	22 000	10 000	15 000		2,10	1,20	2,55	6	4,4	4,57	9,52					11,00	15,95	500	
00-00000424	Станция Топас 12 П 800                                       со скидкой	шт.	1	185 100	166 590	Топас		12		П	800	Топас	129 570	22 000	10 000	15 000		2,05	1,20	2,60	6	4,4	4,58	9,56					10,98	15,96	500	
00-00000425	Станция Топас 12 С 1400                                       со скидкой	шт.	1	193 500	174 150	Топас		12		С	1 400	Топас	135 450	25 000	10 000	15 000		2,10	1,20	3,10	6	4,3	5,39	11,33					13,20	19,14	800	
00-00000426	Станция Топас 12 П 1400                                       со скидкой	шт.	1	212 500	191 250	Топас		12		П	1 400	Топас	148 750	25 000	10 000	15 000		2,00	1,20	3,10	6	4,1	5,23	11,04					12,67	18,48	800	
00-00000427	Станция Топас 12 С 1400 Ус                                      со скидкой	шт.	1	219 700	197 730	Топас		12		С	1 400	Топас	153 790	25 000	10 000	15 000		2,11	1,40	3,10	6	5	5,75	11,97					14,91	21,13	800	
00-00000428	Станция Топас 12 П 1400 Ус                                      со скидкой	шт.	1	231 700	208 530	Топас		12		П	1 400	Топас	162 190	25 000	10 000	15 000		2,00	1,40	3,10	6	4,8	5,58	11,65					14,26	20,33	800	
00-00000429	Станция Топас 15 С 800                                       со скидкой	шт.	1	200 600	180 540	Топас		15		С	800	Топас	140 420	24 000	10 500	15 500		2,10	1,20	2,50	6	4,3	4,50	9,36					10,80	15,66	500	
00-00000430	Станция Топас 15 П 800                                       со скидкой	шт.	1	225 600	203 040	Топас		15		П	800	Топас	157 920	24 000	10 500	15 500		2,10	1,20	2,60	6	4,5	4,65	9,69					11,20	16,24	500	
00-00000431	Станция Топас 15 С 1400                                       со скидкой	шт.	1	230 000	207 000	Топас		15		С	1 400	Топас	161 000	27 000	10 500	15 500		2,10	1,20	3,10	6	4,3	5,39	11,33					13,20	19,14	800	
00-00000432	Станция Топас 15 П 1400                                       со скидкой	шт.	1	247 600	222 840	Топас		15		П	1 400	Топас	173 320	27 000	10 500	15 500		2,10	1,20	3,10	6	4,3	5,39	11,33					13,20	19,14	800	
00-00000433	Станция Топас 15 С 1400 Ус                                      со скидкой	шт.	1	249 300	224 370	Топас		15		С	1 400	Топас	174 510	27 000	10 500	15 500		2,10	1,20	3,10	6	4,3	5,39	11,33					13,20	19,14	800	
00-00000434	Станция Топас 15 П 1400 Ус                                      со скидкой	шт.	1	267 700	240 930	Топас		15		П	1 400	Топас	187 390	27 000	10 500	15 500		2,10	1,20	3,10	6	4,3	5,39	11,33					13,20	19,14	800	
00-00001913	Станция Топас 30 С 800	шт.	1	335 800	335 800	Топас		30		С	800	Топас	235 060	34 000	13 000	18 000		2,30	2,20	3,10	8	11,6	7,48	15,00					23,17	30,69	500	
00-00001914	Станция Топас 30 П 1400	шт.	1	369 000	369 000	Топас		30		П	1 400	Топас	258 300	37 000	13 000	18 000		2,20	2,20	3,10	8	8,2	7,30	14,70					22,31	29,70	800	
00-00001915	Станция Топас 40 П 800	шт.	1	447 400	447 400	Топас		40		П	800	Топас	313 180	42 000	14 500	19 500		2,30	2,20	3,10	8	11,6	7,48	15,00					23,17	30,69	500	
00-00001916	Станция Топас-С 4 С 800                                        со скидкой	шт.	1	80 200	72 180	Топас-С		4		С	800	Топас	56 140	15 000	7 500	12 500		0,95	0,95	2,50	4	1,5	2,66	6,01					4,92	8,27	500	
00-00001917	Станция Топас-С 4 П 800                                        со скидкой	шт.	1	90 000	81 000	Топас-С		4		П	800	Топас	63 000	15 000	7 500	12 500		0,95	0,95	2,50	4	1,5	2,66	6,01					4,92	8,27	500	
00-00001918	Станция Топас-С 5 С 800                                        со скидкой	шт.	1	89 700	80 730	Топас-С		5		С	800	Топас	62 790	16 000	7 500	12 500		1,10	1,20	2,50	4	2,2	3,18	6,96					6,48	10,26	500	
00-00001919	Станция Топас-С 5 П 800                                        со скидкой	шт.	1	102 000	91 800	Топас-С		5		П	800	Топас	71 400	16 000	7 500	12 500		1,00	1,20	2,60	4	2,2	3,15	6,96					6,27	10,08	500	
00-00001920	Станция Топас-С 5 С 1400                                        со скидкой	шт.	1	113 900	102 510	Топас-С		5		С	1 400	Топас	79 730	19 000	7 500	12 500		1,10	1,20	3,10	4	2,2	3,83	8,45					7,92	12,54	800	
00-00001921	Станция Топас-С 5 П 1400                                        со скидкой	шт.	1	127 900	115 110	Топас-С		5		П	1 400	Топас	89 530	19 000	7 500	12 500		1,10	1,20	3,10	4	2,2	3,83	8,45					7,92	12,54	800	
00-00001922	Станция Топас-С 6 С 800                                        со скидкой	шт.	1	96 600	86 940	Топас-С		6		С	800	Топас	67 620	16 000	7 500	12 500		1,20	1,20	2,55	4	2,5	3,37	7,33					7,04	11,00	500	
00-00001923	Станция Топас-С 6 П 800                                        со скидкой	шт.	1	107 200	96 480	Топас-С		6		П	800	Топас	75 040	16 000	7 500	12 500		1,10	1,20	2,60	4	2,4	3,29	7,21					6,72	10,64	500	
00-00001924	Станция Топас-С 6 С 1400                                        со скидкой	шт.	1	117 400	105 660	Топас-С		6		С	1 400	Топас	82 180	19 000	7 500	12 500		1,20	1,00	3,10	4	2	3,67	8,16					7,39	11,88	800	
00-00001925	Станция Топас-С 6 П 1400                                        со скидкой	шт.	1	131 200	118 080	Топас-С		6		П	1 400	Топас	91 840	19 000	7 500	12 500		1,20	1,00	3,10	4	2	3,67	8,16					7,39	11,88	800	
00-00001926	Станция Топас-С 8 С 800                                        со скидкой	шт.	1	116 900	105 210	Топас-С		8		С	800	Топас	81 830	18 000	8 500	13 500		1,60	1,20	2,50	5	3,3	3,84	8,16					8,64	12,96	500	
00-00001927	Станция Топас-С 8 П 800                                        со скидкой	шт.	1	129 100	116 190	Топас-С		8		П	800	Топас	90 370	18 000	8 500	13 500		1,60	1,20	2,60	5	3,5	3,97	8,45					8,96	13,44	500	
00-00001928	Станция Топас-С 8 С 1400                                        со скидкой	шт.	1	133 100	119 790	Топас-С		8		С	1 400	Топас	93 170	21 000	8 500	13 500		1,60	1,20	3,10	5	3,3	4,61	9,89					10,56	15,84	800	
00-00001929	Станция Топас-С 8 П 1400                                        со скидкой	шт.	1	146 900	132 210	Топас-С		8		П	1 400	Топас	102 830	21 000	8 500	13 500		1,60	1,50	3,10	6	4,1	5,10	10,78					12,54	18,22	800	
00-00001930	Станция Топас-С 8 С 1400 Ус                                       со скидкой	шт.	1	147 500	132 750	Топас-С		8		С	1 400	Топас	103 250	21 000	8 500	13 500							0,03	0,13					0,03	0,13	800	
00-00001931	Станция Топас-С 8 П 1400 Ус                                       со скидкой	шт.	1	161 300	145 170	Топас-С		8		П	1 400	Топас	112 910	21 000	8 500	13 500							0,03	0,13					0,03	0,13	800	
00-00001932	Станция Топас-С 9 С 800                                        со скидкой	шт.	1	121 700	109 530	Топас-С		9		С	800	Топас	85 190	19 500	9 500	14 500		1,60	1,20	2,55	5	3,4	3,90	8,30					8,80	13,20	500	
00-00001933	Станция Топас-С 9 П 800                                        со скидкой	шт.	1	131 900	118 710	Топас-С		9		П	800	Топас	92 330	19 500	9 500	14 500		1,60	1,20	2,60	5	3,5	3,97	8,45					8,96	13,44	500	
00-00001934	Станция Топас-С 9 С 1400                                        со скидкой	шт.	1	138 500	124 650	Топас-С		9		С	1 400	Топас	96 950	22 500	9 500	14 500		1,60	1,20	3,10	5	3,3	4,61	9,89					10,56	15,84	800	
00-00001935	Станция Топас-С 9 П 1400                                        со скидкой	шт.	1	151 000	135 900	Топас-С		9		П	1 400	Топас	105 700	22 500	9 500	14 500		1,50	1,20	3,10	5	3,1	4,45	9,60					10,03	15,18	800	
00-00001936	Станция Топас-С 9 С 1400 Ус                                       со скидкой	шт.	1	159 500	143 550	Топас-С		9		С	1 400	Топас	111 650	22 500	9 500	14 500		1,80	1,40	3,10	6	4,3	5,26	11,06					13,07	18,88	800	
00-00001937	Станция Топас-С 9 П 1400 Ус                                       со скидкой	шт.	1	170 900	153 810	Топас-С		9		П	1 400	Топас	119 630	22 500	9 500	14 500		1,70	1,35	3,10	6	3,9	5,01	10,62					12,13	17,74	800	
00-00001938	Станция Топас-С 10 С 800                                        со скидкой	шт.	1	151 600	136 440	Топас-С		10		С	800	Топас	106 120	21 000	9 500	14 500		2,10	1,20	2,50	6	4,3	4,50	9,36					10,80	15,66	500	
00-00001939	Станция Топас-С 10 П 800                                        со скидкой	шт.	1	163 700	147 330	Топас-С		10		П	800	Топас	114 590	21 000	9 500	14 500		2,10	1,20	2,60	6	4,5	4,65	9,69					11,20	16,24	500	
00-00001940	Станция Топас-С 10 С 1400                                        со скидкой	шт.	1	171 900	154 710	Топас-С		10		С	1 400	Топас	120 330	24 000	9 500	14 500		2,10	1,20	3,10	6	4,3	5,39	11,33					13,20	19,14	800	
00-00001941	Станция Топас-С 10 П 1400                                        со скидкой	шт.	1	193 500	174 150	Топас-С		10		П	1 400	Топас	135 450	24 000	9 500	14 500		2,10	1,20	3,10	6	4,3	5,39	11,33					13,20	19,14	800	
00-00001942	Станция Топас-С 10 С 1400 Ус                                       со скидкой	шт.	1	200 300	180 270	Топас-С		10		С	1 400	Топас	140 210	24 000	9 500	14 500		2,10	1,20	3,10	6	4,3	5,39	11,33					13,20	19,14	800	
00-00001943	Станция Топас-С 10 П 1400 Ус                                       со скидкой	шт.	1	211 100	189 990	Топас-С		10		П	1 400	Топас	147 770	24 000	9 500	14 500		2,10	1,20	3,10	6	4,3	5,39	11,33					13,20	19,14	800	
00-00001944	Станция Топас-С 12 С 800                                        со скидкой	шт.	1	155 600	140 040	Топас-С		12		С	800	Топас	108 920	22 000	10 000	15 000		2,10	1,20	2,55	6	4,4	4,57	9,52					11,00	15,95	500	
00-00001945	Станция Топас-С 12 П 800                                        со скидкой	шт.	1	168 100	151 290	Топас-С		12		П	800	Топас	117 670	22 000	10 000	15 000		2,05	1,20	2,60	6	4,4	4,58	9,56					10,98	15,96	500	
00-00001946	Станция Топас-С 12 С 1400                                        со скидкой	шт.	1	174 900	157 410	Топас-С		12		С	1 400	Топас	122 430	25 000	10 000	15 000		2,10	1,20	3,10	6	4,3	5,39	11,33					13,20	19,14	800	
00-00001947	Станция Топас-С 12 П 1400                                        со скидкой	шт.	1	191 500	172 350	Топас-С		12		П	1 400	Топас	134 050	25 000	10 000	15 000		2,00	1,20	3,10	6	4,1	5,23	11,04					12,67	18,48	800	
00-00001948	Станция Топас-С 12 С 1400 Ус                                       со скидкой	шт.	1	201 300	181 170	Топас-С		12		С	1 400	Топас	140 910	25 000	10 000	15 000		2,11	1,40	3,10	6	5	5,75	11,97					14,91	21,13	800	
00-00001949	Станция Топас-С 12 П 1400 Ус                                       со скидкой	шт.	1	211 800	190 620	Топас-С		12		П	1 400	Топас	148 260	25 000	10 000	15 000		2,00	1,40	3,10	6	4,8	5,58	11,65					14,26	20,33	800	
00-00000464	Станция Астра 3 С 600                                       со скидкой	шт.	1	73 000	62 050	Астра		3		С	600	Астра	47 450	14 000	7 500	12 500		1,12	0,94	2,03	4	1,5	2,40	5,31					4,54	7,45	500	
00-00000336	Станция Астра 3 П 600                                       со скидкой	шт.	1	75 000	63 750	Астра		3		П	600	Астра	48 750	14 000	7 500	12 500		1,12	0,94	2,03	4	1,5	2,40	5,31					4,54	7,45	500	
00-00000337	Станция Астра 4 С 850                                       со скидкой	шт.	1	78 900	67 065	Астра		4		С	850	Астра	51 285	16 000	7 500	12 500		1,12	0,94	2,28	4	1,5	2,65	5,88					5,05	8,29	500	
00-00001950	Станция Астра 4 П 850                                       со скидкой	шт.	1	80 900	68 765	Астра		4		П	850	Астра	52 585	16 000	7 500	12 500		1,12	0,94	2,28	4	1,5	2,65	5,88					5,05	8,29	500	
00-00000338	Станция Астра 5 С 850                                       со скидкой	шт.	1	89 500	76 075	Астра		5		С	850	Астра	58 175	17 000	7 500	12 500		1,03	1,12	2,36	4	1,7	2,84	6,27					5,56	8,99	500	
00-00000339	Станция Астра 5 П 850                                       со скидкой	шт.	1	91 500	77 775	Астра		5		П	850	Астра	59 475	17 000	7 500	12 500		1,03	1,12	2,36	4	1,7	2,84	6,27					5,56	8,99	500	
00-00000340	Станция Астра 5 С 1000                                       со скидкой	шт.	1	91 700	77 945	Астра		5		С	1 000	Астра	59 605	17 000	7 500	12 500		1,03	1,12	2,50	4	1,7	2,98	6,60					5,87	9,49	600	
00-00000341	Станция Астра 5 П 1000                                       со скидкой	шт.	1	93 700	79 645	Астра		5		П	1 000	Астра	60 905	17 000	7 500	12 500		1,03	1,12	2,50	4	1,7	2,98	6,60					5,87	9,49	600	
00-00000342	Станция Астра 5 С 1500                                       со скидкой	шт.	1	114 100	96 985	Астра		5		С	1 500	Астра	74 165	20 000	7 500	12 500		1,16	1,00	3,00	4	1,7	3,51	7,81					6,99	11,29	800	
00-00000343	Станция Астра 5 П 1500                                       со скидкой	шт.	1	116 100	98 685	Астра		5		П	1 500	Астра	75 465	20 000	7 500	12 500		1,16	1,00	3,00	4	1,7	3,51	7,81					6,99	11,29	800	
00-00000344	Станция Астра 6 С 850                                       со скидкой	шт.	1	95 200	80 920	Астра		6		С	850	Астра	61 880	17 000	7 500	12 500		1,20	1,15	2,36	4	2,1	3,09	6,73					6,35	9,98	500	
00-00001951	Станция Астра 6 П 850                                       со скидкой	шт.	1	97 200	82 620	Астра		6		П	850	Астра	63 180	17 000	7 500	12 500		1,20	1,15	2,36	4	2,1	3,09	6,73					6,35	9,98	500	
00-00000345	Станция Астра 6 С 1000                                       со скидкой	шт.	1	97 500	82 875	Астра		6		С	1 000	Астра	63 375	17 000	7 500	12 500		1,20	1,15	2,50	4	2,1	3,25	7,08					6,70	10,53	600	
00-00001952	Станция Астра 6 П 1000                                       со скидкой	шт.	1	99 500	84 575	Астра		6		П	1 000	Астра	64 675	17 000	7 500	12 500		1,20	1,15	2,50	4	2,1	3,25	7,08					6,70	10,53	600	
00-00000346	Станция Астра 6 С 1500                                       со скидкой	шт.	1	114 800	97 580	Астра		6		С	1 500	Астра	74 620	20 000	7 500	12 500		1,20	1,16	3,00	4	2,1	3,81	8,37					7,99	12,54	800	
00-00001953	Станция Астра 6 П 1500                                       со скидкой	шт.	1	116 800	99 280	Астра		6		П	1 500	Астра	75 920	20 000	7 500	12 500		1,20	1,16	3,00	4	2,1	3,81	8,37					7,99	12,54	800	
00-00000347	Станция Астра 7 С 850                                       со скидкой	шт.	1	106 000	90 100	Астра		7		С	850	Астра	68 900	19 000	8 500	13 500		1,30	1,16	2,36	5	2,3	3,23	6,98					6,79	10,54	500	
00-00001954	Станция Астра 7 П 850                                       со скидкой	шт.	1	108 000	91 800	Астра		7		П	850	Астра	70 200	19 000	8 500	13 500		1,30	1,16	2,36	5	2,3	3,23	6,98					6,79	10,54	500	
00-00000348	Станция Астра 7 С 1000                                       со скидкой	шт.	1	107 500	91 375	Астра		7		С	1 000	Астра	69 875	19 000	8 500	13 500		1,30	1,16	2,50	5	2,3	3,39	7,34					7,16	11,11	600	
00-00001955	Станция Астра 7 П 1000                                       со скидкой	шт.	1	109 500	93 075	Астра		7		П	1 000	Астра	71 175	19 000	8 500	13 500		1,30	1,16	2,50	5	2,3	3,39	7,34					7,16	11,11	600	
00-00000349	Станция Астра 7 С 1500                                       со скидкой	шт.	1	124 000	105 400	Астра		7		С	1 500	Астра	80 600	22 000	8 500	13 500		1,30	1,16	3,00	5	2,3	3,96	8,65					8,49	13,17	800	
00-00001956	Станция Астра 7 П 1500                                       со скидкой	шт.	1	126 000	107 100	Астра		7		П	1 500	Астра	81 900	22 000	8 500	13 500		1,30	1,16	3,00	5	2,3	3,96	8,65					8,49	13,17	800	
00-00000350	Станция Астра 8 С 850                                       со скидкой	шт.	1	109 500	93 075	Астра		8		С	850	Астра	71 175	19 000	8 500	13 500		1,50	1,16	2,36	5	2,6	3,48	7,43					7,59	11,54	500	
00-00000351	Станция Астра 8 П 850                                       со скидкой	шт.	1	111 500	94 775	Астра		8		П	850	Астра	72 475	19 000	8 500	13 500		1,50	1,16	2,36	5	2,6	3,48	7,43					7,59	11,54	500	
00-00000352	Станция Астра 8 С 1000                                       со скидкой	шт.	1	112 500	95 625	Астра		8		С	1 000	Астра	73 125	19 000	8 500	13 500		1,50	1,16	2,50	5	2,6	3,65	7,82					8,00	12,17	600	
00-00000353	Станция Астра 8 П 1000                                       со скидкой	шт.	1	114 500	97 325	Астра		8		П	1 000	Астра	74 425	19 000	8 500	13 500		1,50	1,16	2,50	5	2,6	3,65	7,82					8,00	12,17	600	
00-00000354	Станция Астра 8 С 1500                                       со скидкой	шт.	1	125 000	106 250	Астра		8		С	1 500	Астра	81 250	22 000	8 500	13 500		1,50	1,16	3,00	5	2,6	4,26	9,21					9,48	14,43	800	
00-00000355	Станция Астра 8 П 1500                                       со скидкой	шт.	1	127 000	107 950	Астра		8		П	1 500	Астра	82 550	22 000	8 500	13 500		1,50	1,16	3,00	5	2,6	4,26	9,21					9,48	14,43	800	
00-00000356	Станция Астра 9 С 850                                       со скидкой	шт.	1	114 400	97 240	Астра		9		С	850	Астра	74 360	20 500	9 500	14 500		1,70	1,16	2,36	5	3	3,73	7,89					8,39	12,54	500	
00-00001957	Станция Астра 9 П 850                                       со скидкой	шт.	1	117 900	100 215	Астра		9		П	850	Астра	76 635	20 500	9 500	14 500		1,70	1,16	2,36	5	3	3,73	7,89					8,39	12,54	500	
00-00000357	Станция Астра 9 С 1000                                       со скидкой	шт.	1	117 000	99 450	Астра		9		С	1 000	Астра	76 050	20 500	9 500	14 500		1,70	1,16	2,50	5	3	3,92	8,30					8,85	13,23	600	
00-00001958	Станция Астра 9 П 1000                                       со скидкой	шт.	1	120 500	102 425	Астра		9		П	1 000	Астра	78 325	20 500	9 500	14 500		1,70	1,16	2,50	5	3	3,92	8,30					8,85	13,23	600	
00-00000358	Станция Астра 9 С 1500                                       со скидкой	шт.	1	130 500	110 925	Астра		9		С	1 500	Астра	84 825	23 500	9 500	14 500		1,70	1,16	3,00	5	3	4,57	9,76					10,48	15,68	800	
00-00001959	Станция Астра 9 П 1500                                       со скидкой	шт.	1	133 500	113 475	Астра		9		П	1 500	Астра	86 775	23 500	9 500	14 500		1,70	1,16	3,00	5	3	4,57	9,76					10,48	15,68	800	
00-00000359	Станция Астра 10 С 850                                       со скидкой	шт.	1	141 700	120 445	Астра		10		С	850	Астра	92 105	22 000	9 500	14 500		2,00	1,16	2,36	6	3,5	4,11	8,57					9,58	14,05	500	
00-00000360	Станция Астра 10 П 850                                       со скидкой	шт.	1	145 200	123 420	Астра		10		П	850	Астра	94 380	22 000	9 500	14 500		2,00	1,16	2,36	6	3,5	4,11	8,57					9,58	14,05	500	
00-00000361	Станция Астра 10 С 1000                                       со скидкой	шт.	1	143 700	122 145	Астра		10		С	1 000	Астра	93 405	22 000	9 500	14 500		2,00	1,16	2,50	6	3,5	4,31	9,02					10,11	14,82	600	
00-00000362	Станция Астра 10 П 1000                                       со скидкой	шт.	1	147 200	125 120	Астра		10		П	1 000	Астра	95 680	22 000	9 500	14 500		2,00	1,16	2,50	6	3,5	4,31	9,02					10,11	14,82	600	
00-00000363	Станция Астра 10 С 1500                                       со скидкой	шт.	1	161 100	136 935	Астра		10		С	1 500	Астра	104 715	25 000	9 500	14 500		2,00	1,16	3,00	6	3,5	5,02	10,60					11,98	17,56	800	
00-00000364	Станция Астра 10 П 1500                                       со скидкой	шт.	1	164 600	139 910	Астра		10		П	1 500	Астра	106 990	25 000	9 500	14 500		2,00	1,16	3,00	6	3,5	5,02	10,60					11,98	17,56	800	
00-00000436	Станция БиоПурит 3 С 630                                      со скидкой	шт.	1	72 990	62 990	БиоПурит		3		С	630	БиоПурит	51 093	14 000	7 500	12 500		1,20	1,20	1,75	4	1,3	3,01	5,82					4,99	7,80	500	
00-00000437	Станция БиоПурит 5 С 630                                      со скидкой	шт.	1	82 990	69 990	БиоПурит		5		С	630	БиоПурит	58 093	16 000	7 500	12 500		1,20	1,20	2,25	4	1,8	3,73	7,26					6,27	9,80	500	
00-00000438	Станция БиоПурит 5 С 1130                                      со скидкой	шт.	1	98 990	80 990	БиоПурит		5		С	1 130	БиоПурит	69 293	17 000	7 500	12 500		1,20	1,20	2,75	4	1,8	4,44	8,69					7,55	11,80	600	
00-00000439	Станция БиоПурит 8 С 630                                      со скидкой	шт.	1	99 990	81 990	БиоПурит		8		С	630	БиоПурит	69 993	18 000	8 500	13 500		1,60	1,60	2,25	5	3,3	5,28	9,59					9,80	14,11	500	
00-00000465	Станция БиоПурит 8 С 1130                                      со скидкой	шт.	1	122 990	97 990	БиоПурит		8		С	1 130	БиоПурит	86 093	19 000	8 500	13 500		1,60	1,60	2,75	5	3,3	6,27	11,46					11,80	16,99	600	
00-00000441	Станция БиоПурит 3 С 630 ВШУ                                     со скидкой	шт.	1	78 990	68 990	БиоПурит		3		С	630	БиоПурит	55 293	14 000	7 500	12 500		1,20	1,20	1,75	4	1,3	3,01	5,82					4,99	7,80	500	
00-00000442	Станция БиоПурит 5 С 630 ВШУ                                     со скидкой	шт.	1	88 990	75 990	БиоПурит		5		С	630	БиоПурит	62 293	16 000	7 500	12 500		1,20	1,20	2,25	4	1,8	3,73	7,26					6,27	9,80	500	
00-00000443	Станция БиоПурит 5 С 1130 ВШУ                                     со скидкой	шт.	1	104 990	86 990	БиоПурит		5		С	1 130	БиоПурит	73 493	17 000	7 500	12 500		1,20	1,20	2,75	4	1,8	4,44	8,69					7,55	11,80	600	
00-00000444	Станция БиоПурит 8 С 630 ВШУ                                     со скидкой	шт.	1	105 990	87 990	БиоПурит		8		С	630	БиоПурит	74 193	18 000	8 500	13 500		1,60	1,60	2,25	5	3,3	5,28	9,59					9,80	14,11	500	
00-00000445	Станция БиоПурит 8 С 1130 ВШУ                                     со скидкой	шт.	1	128 990	103 990	БиоПурит		8		С	1 130	БиоПурит	90 293	19 000	8 500	13 500		1,60	1,60	2,75	5	3,3	6,27	11,46					11,80	16,99	600	
00-00001960	Станция Евробион Русин 4 С 600	шт.	1	73000	65 700	Евробион Русин		4		С	600	ЕвроБион	48 180	15 000	7 500	12 500		1,00	1,00	2,38	3	1,4	3,19	6,49					5,06	8,36	500	
00-00001961	Станция Евробион Русин 4 П 600	шт.	1	80000	72 000	Евробион Русин		4		П	600	ЕвроБион	52 800	15 000	7 500	12 500		1,00	1,00	2,38	3	1,4	3,19	6,49					5,06	8,36	500	
00-00000475	Станция Евробион Русин 5 С 600	шт.	1	76 000	68 400	Евробион Русин		5		С	600	ЕвроБион	50 160	16 000	7 500	12 500		1,08	1,08	2,36	3	1,6	3,45	6,89					5,61	9,05	500	
00-00000476	Станция Евробион Русин 5 П 600	шт.	1	83 000	74 700	Евробион Русин		5		П	600	ЕвроБион	54 780	16 000	7 500	12 500		1,08	1,08	2,36	3	1,6	3,45	6,89					5,61	9,05	500	
00-00000477	Станция Евробион АРТ 4 С 600	шт.	1	82 000	73 800	Евробион АРТ		4		С	600	ЕвроБион	54 120	15 000	7 500	12 500		1,00	1,00	2,38	3	1,4	3,19	6,49					5,06	8,36	500	
00-00000478	Станция Евробион АРТ 5 С 600	шт.	1	85 000	76 500	Евробион АРТ		5		С	600	ЕвроБион	56 100	16 000	7 500	12 500		1,08	1,08	2,38	3	1,6	3,47	6,94					5,65	9,12	500	
00-00000479	Станция Евробион АРТ 5 П 600	шт.	1	91 000	81 900	Евробион АРТ		5		П	600	ЕвроБион	60 060	16 000	7 500	12 500		1,08	1,08	2,38	3	1,6	3,47	6,94					5,65	9,12	500	
00-00000480	Станция Евробион АРТ 5 С 900	шт.	1	91 700	82 530	Евробион АРТ		5		С	900	ЕвроБион	60 522	17 000	7 500	12 500		1,08	1,08	2,68	3	1,6	3,85	7,72					6,31	10,18	500	
00-00000481	Станция Евробион АРТ 5 П 900	шт.	1	97 700	87 930	Евробион АРТ		5		П	900	ЕвроБион	64 482	17 000	7 500	12 500		1,08	1,08	2,68	3	1,6	3,85	7,72					6,31	10,18	500	
00-00000482	Станция Евробион АРТ 5 С 1200	шт.	1	106 000	95 400	Евробион АРТ		5		С	1200	ЕвроБион	69 960	17 000	7 500	12 500		1,08	1,08	3,00	3	1,6	4,26	8,56					7,01	11,31	600	
00-00000483	Станция Евробион АРТ 5 П 1200	шт.	1	112 000	100 800	Евробион АРТ		5		П	1200	ЕвроБион	73 920	17 000	7 500	12 500		1,08	1,08	3,00	3	1,6	4,26	8,56					7,01	11,31	600	
00-00000484	Станция Евробион АРТ 5 С 1600	шт.	1	118 000	106 200	Евробион АРТ		5		С	1600	ЕвроБион	77 880	20 000	7 500	12 500		1,08	1,08	3,38	3	1,6	4,75	9,56					7,84	12,65	800	
00-00000485	Станция Евробион АРТ 5 П 1600	шт.	1	124 000	111 600	Евробион АРТ		5		П	1600	ЕвроБион	81 840	20 000	7 500	12 500		1,08	1,08	3,38	3	1,6	4,75	9,56					7,84	12,65	800	
00-00000486	Станция Евробион АРТ 8 С 600	шт.	1	115 000	103 500	Евробион АРТ		8		С	600	ЕвроБион	75 900	18 000	8 500	13 500		1,35	1,35	2,38	4	2,5	4,49	8,52					7,90	11,93	500	
00-00000487	Станция Евробион АРТ 8 П 600	шт.	1	121 000	108 900	Евробион АРТ		8		П	600	ЕвроБион	79 860	18 000	8 500	13 500		1,35	1,35	2,38	4	2,5	4,49	8,52					7,90	11,93	500	
00-00000488	Станция Евробион АРТ 8 С 900	шт.	1	121 000	108 900	Евробион АРТ		8		С	900	ЕвроБион	79 860	19 000	8 500	13 500		1,35	1,35	2,68	4	2,5	4,98	9,48					8,82	13,31	500	
00-00000489	Станция Евробион АРТ 8 П 900	шт.	1	127 000	114 300	Евробион АРТ		8		П	900	ЕвроБион	83 820	19 000	8 500	13 500		1,35	1,35	2,68	4	2,5	4,98	9,48					8,82	13,31	500	
00-00000490	Станция Евробион АРТ 8 С 1200	шт.	1	130 000	117 000	Евробион АРТ		8		С	1200	ЕвроБион	85 800	19 000	8 500	13 500		1,35	1,35	3,00	4	2,6	5,51	10,50					9,80	14,79	600	
00-00000491	Станция Евробион АРТ 8 П 1200	шт.	1	136 000	122 400	Евробион АРТ		8		П	1200	ЕвроБион	89 760	19 000	8 500	13 500		1,35	1,35	3,00	4	2,6	5,51	10,50					9,80	14,79	600	
00-00000492	Станция Евробион АРТ 8 С 1600	шт.	1	155 000	139 500	Евробион АРТ		8		С	1600	ЕвроБион	102 300	22 000	8 500	13 500		1,35	1,35	3,38	4	2,5	6,13	11,71					10,96	16,55	800	
00-00000493	Станция Евробион АРТ 8 П 1600	шт.	1	161 000	144 900	Евробион АРТ		8		П	1600	ЕвроБион	106 260	22 000	8 500	13 500		1,35	1,35	3,38	4	2,5	6,13	11,71					10,96	16,55	800	
00-00000494	Станция Евробион АРТ 10 С 600	шт.	1	143 000	128 700	Евробион АРТ		10		С	600	ЕвроБион	94 380	21 000	9 500	14 500		2,00	1,75	2,38	6	5,6	5,84	10,94					13,31	18,42	500	
00-00000495	Станция Евробион АРТ 10 П 600	шт.	1	149 000	134 100	Евробион АРТ		10		П	600	ЕвроБион	98 340	21 000	9 500	14 500		2,00	1,75	2,38	6	5,6	5,84	10,94					13,31	18,42	500	
00-00000496	Станция Евробион АРТ 10 С 750	шт.	1	150 000	135 000	Евробион АРТ		10		С	750	ЕвроБион	99 000	21 000	9 500	14 500		2,00	1,75	2,55	6	5,7	6,18	11,62					14,19	19,64	500	
00-00000497	Станция Евробион АРТ 10 П 750	шт.	1	156 000	140 400	Евробион АРТ		10		П	750	ЕвроБион	102 960	21 000	9 500	14 500		2,00	1,75	2,55	6	5,7	6,18	11,62					14,19	19,64	500	
00-00000498	Станция Евробион АРТ 10 С 1200	шт.	1	162 500	146 250	Евробион АРТ		10		С	1200	ЕвроБион	107 250	22 000	9 500	14 500		2,00	1,75	3,05	6	5,8	7,19	13,62					16,77	23,21	600	
00-00000499	Станция Евробион АРТ 10 П 1200	шт.	1	168 500	151 650	Евробион АРТ		10		П	1200	ЕвроБион	111 210	22 000	9 500	14 500		2,00	1,75	3,05	6	5,8	7,19	13,62					16,77	23,21	600	
00-00000500	Станция Евробион АРТ 15 С 600	шт.	1	172 000	154 800	Евробион АРТ		15		С	600	ЕвроБион	113 520	24 000	10 500	15 500		1,93	1,93	2,39	6	5,2	7,07	12,31					14,06	19,30	500	
00-00000501	Станция Евробион АРТ 15 П 600	шт.	1	178 000	160 200	Евробион АРТ		15		П	600	ЕвроБион	117 480	24 000	10 500	15 500		1,93	1,93	2,39	6	5,2	7,07	12,31					14,06	19,30	500	
00-00000502	Станция Евробион АРТ 15 С 750	шт.	1	178 800	160 920	Евробион АРТ		15		С	750	ЕвроБион	118 008	24 000	10 500	15 500		1,93	1,93	2,56	6	5,3	7,49	13,08					14,98	20,57	500	
00-00000503	Станция Евробион АРТ 15 П 750	шт.	1	184 800	166 320	Евробион АРТ		15		П	750	ЕвроБион	121 968	24 000	10 500	15 500		1,93	1,93	2,56	6	5,3	7,49	13,08					14,98	20,57	500	
00-00000504	Станция Евробион АРТ 15 С 1200	шт.	1	196 300	176 670	Евробион АРТ		15		С	1200	ЕвроБион	129 558	25 000	10 500	15 500		1,93	1,93	3,06	6	5,4	8,75	15,34					17,70	24,30	600	
00-00000505	Станция Евробион АРТ 15 П 1200	шт.	1	202 300	182 070	Евробион АРТ		15		П	1200	ЕвроБион	133 518	25 000	10 500	15 500		1,93	1,93	3,06	6	5,4	8,75	15,34					17,70	24,30	600	
00-00001962	Станция Евролос БИО 3	шт.	1	57 000	57 000	Евролос БИО		3			510	ЕвроЛос	39 900	14 000	7 500	12 500		1,40	1,40	1,80	4	2	3,71	6,91					6,48	9,68	500	
00-00001963	Станция Евролос БИО 3+ (пр)	шт.	1	64 000	64 000	Евролос БИО		3		+ (пр)	510	ЕвроЛос	44 800	14 000	7 500	12 500		1,40	1,40	1,80	4	2	3,71	6,91					6,48	9,68	500	
00-00001964	Станция Евролос БИО 4	шт.	1	62 000	62 000	Евролос БИО		4			510	ЕвроЛос	43 400	16 000	7 500	12 500		1,40	1,40	1,90	4	2,1	3,88	7,24					6,80	10,16	500	
00-00001965	Станция Евролос БИО 4+ (пр)	шт.	1	69 000	69 000	Евролос БИО		4		+ (пр)	510	ЕвроЛос	48 300	16 000	7 500	12 500		1,40	1,40	1,90	4	2,1	3,88	7,24					6,80	10,16	500	
#Н/Д	Станция Евролос БИО 4+ (пр) с доп. горловиной 40см	шт.	1	74 500	74 500	Евролос БИО		4		+ (пр) с доп. горловиной 40см	910	ЕвроЛос с горл	52 150	17 000	7 500	12 500		1,40	1,40	2,30	4	2,1	4,56	8,56	497,3918268	10	933,7554632	19	8,10	12,10	500	
00-00001966	Станция Евролос БИО 5	шт.	1	68 000	68 000	Евролос БИО		5			510	ЕвроЛос	47 600	16 000	7 500	12 500		1,40	1,40	2,00	4	2,3	4,05	7,57					7,13	10,65	500	
00-00001967	Станция Евролос БИО 5+ (пр)	шт.	1	74 000	74 000	Евролос БИО		5		+ (пр)	510	ЕвроЛос	51 800	16 000	7 500	12 500		1,40	1,40	2,00	4	2,3	4,05	7,57					7,13	10,65	500	
#Н/Д	Станция Евролос БИО 5+ (пр) с доп. горловиной 40см	шт.	1	79 500	79 500	Евролос БИО		5		+ (пр) с доп. горловиной 40см	910	ЕвроЛос с горл	55 650	17 000	7 500	12 500		1,40	1,40	2,40	4	2,3	4,73	8,89	515,9440407	11	969,7622225	20	8,42	12,58	500	
00-00001968	Станция Евролос БИО 6	шт.	1	76 000	76 000	Евролос БИО		6			510	ЕвроЛос	53 200	17 000	7 500	12 500		1,60	1,60	2,00	5	3	4,78	8,65					8,80	12,67	500	
00-00001969	Станция Евролос БИО 6+ (пр)	шт.	1	82 000	82 000	Евролос БИО		6		+ (пр)	510	ЕвроЛос	57 400	17 000	7 500	12 500		1,60	1,60	2,00	5	3	4,78	8,65					8,80	12,67	500	
#Н/Д	Станция Евролос БИО 6+ (пр) с доп. горловиной 40см	шт.	1	87 500	87 500	Евролос БИО		6		+ (пр) с доп. горловиной 40см	910	ЕвроЛос с горл	61 250	18 000	7 500	12 500		1,60	1,60	2,40	5	3	5,57	10,15	608,1287655	13	1107,328766	23	10,40	14,98	500	
00-00001970	Станция Евролос БИО 8	шт.	1	94 000	94 000	Евролос БИО		8			510	ЕвроЛос	65 800	18 000	8 500	13 500		1,80	1,80	2,00	5	3,8	5,56	9,78					10,65	14,87	500	
00-00001971	Станция Евролос БИО 8+ (пр)	шт.	1	97 000	97 000	Евролос БИО		8		+ (пр)	510	ЕвроЛос	67 900	18 000	8 500	13 500		1,80	1,80	2,00	5	3,8	5,56	9,78					10,65	14,87	500	
#Н/Д	Станция Евролос БИО 8+ (пр) с доп. горловиной 40см	шт.	1	102 500	102 500	Евролос БИО		8		+ (пр) с доп. горловиной 40см	910	ЕвроЛос с горл	71 750	19 000	8 500	13 500		1,80	1,80	2,40	5	3,8	6,48	11,47	706,553878	15	1251,135696	26	12,58	17,58	500	
00-00001972	Станция Евролос БИО 10	шт.	1	116 000	116 000	Евролос БИО		10			510	ЕвроЛос	81 200	21 000	9 500	14 500		2,00	2,00	2,00	6	4,7	6,39	10,96					12,67	17,25	500	
00-00001973	Станция Евролос БИО 10+ (пр)	шт.	1	125 000	125 000	Евролос БИО		10		+ (пр)	510	ЕвроЛос	87 500	21 000	9 500	14 500		2,00	2,00	2,00	6	4,7	6,39	10,96					12,67	17,25	500	
00-00001974	Станция Евролос БИО 12	шт.	1	129 000	129 000	Евролос БИО		12			510	ЕвроЛос	90 300	22 000	10 000	15 000		2,00	2,00	2,25	6	5,5	7,04	12,14					14,11	19,21	500	
00-00001975	Станция Евролос БИО 12+ (пр)	шт.	1	136 000	136 000	Евролос БИО		12		+ (пр)	510	ЕвроЛос	95 200	22 000	10 000	15 000		2,00	2,00	2,25	6	5,5	7,04	12,14					14,11	19,21	500	
#Н/Д	Станция Евролос БИО 12+ (пр) с доп. горловиной 40см	шт.	1	141 500	141 500	Евролос БИО		12		+ (пр) с доп. горловиной 40см	910	ЕвроЛос с горл	99 050	23 000	10 000	15 000		2,00	2,00	2,65	6	5,5	8,09	14,02	882,6304874	18	1529,321397	31	16,42	22,34	500	
00-00001976	Станция Евролос БИО 15	шт.	1	146 000	146 000	Евролос БИО		15			510	ЕвроЛос	102 200	24 000	10 500	15 500		2,00	2,00	2,70	6	6,9	8,22	14,25					16,70	22,74	500	
00-00001977	Станция Евролос БИО 15+ (пр)	шт.	1	155 000	155 000	Евролос БИО		15		+ (пр)	510	ЕвроЛос	108 500	24 000	10 500	15 500		2,00	2,00	2,70	6	6,9	8,22	14,25					16,70	22,74	500	
00-00000446	Станция Коло Веси 3  600                                       со скидкой	шт.	1	109 800	104 310	Коло Веси		3			600	Коло Веси	54 900	14 000	7 500	12 500		1,00	1,00	2,18	3	1,2	2,95	6,00	221,4474003	5	449,9274003	9	4,66	7,71	500	
00-00000447	Станция Коло Веси 3  600 НК                                      со скидкой	шт.	1	119 900	113 905	Коло Веси		3			600	Коло Веси	59 950	14 000	7 500	12 500		1,40	1,40	1,68	4	1,7	3,51	6,51	262,8780696	6	488,4780696	10	6,09	9,10	500	
00-00000453	Станция Коло Веси 3  900                                       со скидкой	шт.	1	116 800	110 960	Коло Веси		3			900	Коло Веси	58 400	15 000	7 500	12 500		1,00	1,00	2,48	3	1,2	3,31	6,74	247,8759416	5	505,1559416	11	5,25	8,68	500	
00-00000457	Станция Коло Веси 3  1200                                       со скидкой	шт.	1	119 800	113 810	Коло Веси		3			1 200	Коло Веси	59 900	17 000	7 500	12 500		1,00	1,00	2,78	3	1,2	3,66	7,47	274,3044829	6	560,3844829	12	5,84	9,66	600	
00-00000448	Станция Коло Веси 5  600                                       со скидкой	шт.	1	129 900	123 405	Коло Веси		5			600	Коло Веси	64 950	16 000	7 500	12 500		1,30	1,30	2,18	4	2,1	3,98	7,60	298,8477065	6	570,1677065	12	6,88	10,50	500	
00-00000449	Станция Коло Веси 5  600 НК                                      со скидкой	шт.	1	134 900	128 155	Коло Веси		5			600	Коло Веси	67 450	16 000	7 500	12 500		1,70	1,70	1,68	5	2,5	4,48	7,94	335,8151128	7	595,2551128	12	8,29	11,75	500	
00-00000454	Станция Коло Веси 5  900                                       со скидкой	шт.	1	136 900	130 055	Коло Веси		5			900	Коло Веси	68 450	17 000	7 500	12 500		1,30	1,30	2,48	4	2,1	4,45	8,53	334,0079413	7	639,5279413	13	7,75	11,82	500	
00-00000458	Станция Коло Веси 5  1200                                       со скидкой	шт.	1	140 400	133 380	Коло Веси		5			1 200	Коло Веси	70 200	19 000	7 500	12 500		1,30	1,30	2,78	4	2,1	4,92	9,45	369,1681762	8	708,8881762	15	8,61	13,14	600	
00-00000450	Станция Коло Веси 8  600                                       со скидкой	шт.	1	139 900	132 905	Коло Веси		8			600	Коло Веси	69 950	18 000	8 500	13 500		1,50	1,50	2,18	4	2,8	4,74	8,74	355,4566506	8	655,3366506	14	8,59	12,59	500	
00-00000451	Станция Коло Веси 8  600 НК                                      со скидкой	шт.	1	144 900	137 655	Коло Веси		8			600	Коло Веси	72 450	18 000	8 500	13 500		1,90	1,90	1,68	5	3,1	5,18	8,94	388,6437914	8	670,6437914	14	9,95	13,71	500	
00-00000455	Станция Коло Веси 8  900                                       со скидкой	шт.	1	146 900	139 555	Коло Веси		8			900	Коло Веси	73 450	19 000	8 500	13 500		1,50	1,50	2,48	4	2,8	5,29	9,79	396,9208686	8	734,6008686	15	9,67	14,18	500	
00-00000459	Станция Коло Веси 8  1200                                       со скидкой	шт.	1	149 700	142 215	Коло Веси		8			1 200	Коло Веси	74 850	21 000	8 500	13 500		1,50	1,50	2,78	4	2,8	5,85	10,85	438,3850866	9	813,8650866	17	10,76	15,76	600	
00-00000452	Станция Коло Веси 10  600                                       со скидкой	шт.	1	149 900	142 405	Коло Веси		10			600	Коло Веси	74 950	21 000	9 500	14 500		1,70	1,70	2,18	5	3,6	5,55	9,93	416,0725868	9	744,5125868	15	10,50	14,88	500	
00-00000456	Станция Коло Веси 10  900                                       со скидкой	шт.	1	156 900	149 055	Коло Веси		10			900	Коло Веси	78 450	22 000	9 500	14 500		1,70	1,70	2,48	5	3,6	6,19	11,12	464,2270712	10	834,0670712	17	11,82	16,75	500	
00-00000460	Станция Коло Веси 10  1200                                       со скидкой	шт.	1	159 800	151 810	Коло Веси		10			1 200	Коло Веси	79 900	24 000	9 500	14 500		1,70	1,70	2,78	5	3,6	6,83	12,31	512,3815557	11	923,6215557	19	13,14	18,63	600	
00-00000461	Станция Коло Веси 15  600                                       со скидкой	шт.	1	199 600	189 620	Коло Веси		15			600	Коло Веси	99 800	24 000	10 500	15 500		2,00	2,00	2,18	6	5	6,86	11,81	514,5096011	11	885,7896011	18	13,71	18,66	500	
00-00000462	Станция Коло Веси 20  600                                       со скидкой	шт.	1	249 000	236 550	Коло Веси		20			600	Коло Веси	124 500	26 000	11 500	16 500		2,00	2,00	2,68	6	6,5	8,17	14,16	612,6998766	13	1061,979877	22	16,59	22,58	500	
00-00001978	Станция Тверь-0,35П (2 С 320)	шт.	1	64 900	64 900	Тверь-	0,35	2			320	Тверь до 1м3	53 218	14 000	7 500	12 500		1,40	1,10	1,67	5	1,6632	2,33	4,89					4,26	6,82	500	0,14
00-00001979	Станция Тверь-0,35ПН (2 П 320)	шт.	1	71 100	71 100	Тверь-	0,35	2		Н	320	Тверь до 1м3	58 302	14 000	7 500	12 500		1,80	1,10	1,67	5	2,2572	2,76	5,62					5,39	8,24	500	0,14
00-00001980	Станция Тверь-0,5П (3 С 320)	шт.	1	72 000	72 000	Тверь-	0,5	3			320	Тверь до 1м3	59 040	14 000	7 500	12 500		1,65	1,10	1,67	5	2,03445	2,60	5,34					4,96	7,71	500	0,14
00-00001981	Станция Тверь-0,5ПН (3 П 320)	шт.	1	79 900	79 900	Тверь-	0,5	3		Н	320	Тверь до 1м3	65 518	14 000	7 500	12 500		2,10	1,10	1,67	6	2,7027	3,08	6,17					6,23	9,31	500	0,14
00-00001982	Станция Тверь-0,5ПМ (3 С 620)	шт.	1	83 900	83 900	Тверь-	0,5	3			620	Тверь до 1м3	68 798	15 000	7 500	12 500		1,65	1,10	1,97	5	2,03445	2,94	6,13					5,76	8,95	500	0,14
00-00001983	Станция Тверь-0,5ПНМ (3 П 620)	шт.	1	92 000	92 000	Тверь-	0,5	3		Н	620	Тверь до 1м3	75 440	15 000	7 500	12 500		2,10	1,10	1,97	6	2,7027	3,48	7,06					7,23	10,80	500	0,14
00-00001984	Станция Тверь-0,5НП (3 С 1020)	шт.	1	79 900	79 900	Тверь-	0,5	3	Н		1020	Тверь до 1м3	65 518	14 000	9 500	14 500		2,10	1,10	1,67	6	2,7027	3,08	6,17					6,23	9,31	500	0,14
00-00001985	Станция Тверь-0,5НПМ (3 С 1320)	шт.	1	92 000	92 000	Тверь-	0,5	3	Н		1320	Тверь до 1м3	75 440	15 000	9 500	14 500		2,10	1,10	1,97	6	2,7027	3,48	7,06					7,23	10,80	700	0,14
00-00001986	Станция Тверь-0,5НПН (3 П 1020)	шт.	1	87 800	87 800	Тверь-	0,5	3	Н	Н	1020	Тверь до 1м3	71 996	14 000	9 500	14 500		2,50	1,10	1,67	6	3,2967	3,52	6,90					7,35	10,73	500	0,14
00-00001987	Станция Тверь-0,5НПНМ (3 П 1320)	шт.	1	100 100	100 100	Тверь-	0,5	3	Н	Н	1320	Тверь до 1м3	82 082	15 000	9 500	14 500		2,50	1,10	1,97	6	3,2967	3,96	7,88					8,53	12,45	700	0,14
00-00001988	Станция Тверь-0,75П (4 С 320)	шт.	1	82 900	82 900	Тверь-	0,75	4			320	Тверь до 1м3	67 978	14 000	7 500	12 500		1,90	1,10	1,67	5	2,376	2,85	5,76					5,61	8,53	500	0,15
00-00001989	Станция Тверь-0,75ПН (4 П 320)	шт.	1	92 300	92 300	Тверь-	0,75	4		Н	320	Тверь до 1м3	75 686	14 000	7 500	12 500		2,30	1,10	1,67	6	2,97	3,28	6,49					6,73	9,95	500	0,15
00-00001990	Станция Тверь-0,75ПМ (4 С 620)	шт.	1	99 300	99 300	Тверь-	0,75	4			620	Тверь до 1м3	81 426	15 000	7 500	12 500		1,90	1,10	1,97	5	2,376	3,22	6,60					6,51	9,90	500	0,15
00-00001991	Станция Тверь-0,75ПНМ (4 П 620)	шт.	1	110 500	110 500	Тверь-	0,75	4		Н	620	Тверь до 1м3	90 610	15 000	7 500	12 500		2,30	1,10	1,97	6	2,97	3,70	7,43					7,81	11,54	500	0,15
00-00001992	Станция Тверь-0,75НП (4 С 1020)	шт.	1	92 300	92 300	Тверь-	0,75	4	Н		1020	Тверь до 1м3	75 686	14 000	9 500	14 500		2,30	1,10	1,67	6	2,97	3,28	6,49					6,73	9,95	500	0,15
00-00001993	Станция Тверь-0,75НПМ (4 С 1320)	шт.	1	110 500	110 500	Тверь-	0,75	4	Н		1320	Тверь до 1м3	90 610	15 000	9 500	14 500		2,30	1,10	1,97	6	2,97	3,70	7,43					7,81	11,54	700	0,15
00-00001994	Станция Тверь-0,75НПН (4 П 1020)	шт.	1	101 700	101 700	Тверь-	0,75	4	Н	Н	1020	Тверь до 1м3	83 394	14 000	9 500	14 500		2,70	1,10	1,67	7	3,564	3,71	7,22					7,85	11,37	500	0,15
00-00001995	Станция Тверь-0,75НПНМ (4 П 1320)	шт.	1	120 000	120 000	Тверь-	0,75	4	Н	Н	1320	Тверь до 1м3	98 400	15 000	9 500	14 500		2,70	1,10	1,97	7	3,564	4,18	8,26					9,11	13,19	700	0,15
00-00001996	Станция Тверь-0,85П (5 С 320)	шт.	1	89 800	89 800	Тверь-	0,85	5			320	Тверь до 1м3	73 636	16 000	7 500	12 500		2,15	1,10	1,67	6	2,74725	3,12	6,22					6,31	9,42	500	0,15
00-00001997	Станция Тверь-0,85ПН (5 П 320)	шт.	1	99 200	99 200	Тверь-	0,85	5		Н	320	Тверь до 1м3	81 344	16 000	7 500	12 500		2,60	1,10	1,67	7	3,4155	3,60	7,04					7,57	11,01	500	0,15
00-00001998	Станция Тверь-0,85ПМ (5 С 620)	шт.	1	110 900	110 900	Тверь-	0,85	5			620	Тверь до 1м3	90 938	17 000	7 500	12 500		2,15	1,10	1,97	6	2,74725	3,52	7,12					7,32	10,93	500	0,15
00-00001999	Станция Тверь-0,85ПНМ (5 П 620)	шт.	1	121 900	121 900	Тверь-	0,85	5		Н	620	Тверь до 1м3	99 958	17 000	7 500	12 500		2,60	1,10	1,97	7	3,4155	4,06	8,05					8,79	12,78	500	0,15
00-00002000	Станция Тверь-0,85НП (5 С 1020)	шт.	1	99 200	99 200	Тверь-	0,85	5	Н		1020	Тверь до 1м3	81 344	16 000	9 500	14 500		2,60	1,10	1,67	7	3,4155	3,60	7,04					7,57	11,01	500	0,15
00-00002001	Станция Тверь-0,85НПМ (5 С 1320)	шт.	1	121 900	121 900	Тверь-	0,85	5	Н		1320	Тверь до 1м3	99 958	17 000	9 500	14 500		2,60	1,10	1,97	7	3,4155	4,06	8,05					8,79	12,78	700	0,15
00-00002002	Станция Тверь-0,85НПН (5 П 1020)	шт.	1	109 700	109 700	Тверь-	0,85	5	Н	Н	1020	Тверь до 1м3	89 954	16 000	9 500	14 500		3,00	1,10	1,67	7	4,0095	4,03	7,77					8,70	12,44	500	0,15
#Н/Д	Станция Тверь-0,85НПН +0,2м (5 П 1220)	шт.	1	115 700	115 700	Тверь-	0,85	5	Н	Н	1220	Тверь до 1м3	94 874	16 500	9 500	14 500		3,00	1,10	1,87	7	4,0095	4,37	8,51					9,63	13,77	600	0,15
00-00002003	Станция Тверь-0,85НПНМ (5 П 1320)	шт.	1	133 800	133 800	Тверь-	0,85	5	Н	Н	1320	Тверь до 1м3	109 716	17 000	9 500	14 500		3,00	1,10	1,97	7	4,0095	4,54	8,88					10,09	14,43	700	0,15
00-00002004	Станция Тверь-1П (6 С 320)	шт.	1	102 800	102 800	Тверь-	1	6			320	Тверь сверх 1 м3	79 156	16 000	7 500	12 500		2,60	1,10	1,67	7	3,1185	3,67	6,68					7,29	10,30	500	0,25
00-00002005	Станция Тверь-1ПН (6 П 320)	шт.	1	112 300	112 300	Тверь-	1	6		Н	320	Тверь сверх 1 м3	86 471	16 000	7 500	12 500		3,00	1,10	1,67	7	3,7125	4,10	7,41					8,42	11,72	500	0,25
00-00002006	Станция Тверь-1ПМ (6 С 620)	шт.	1	117 600	117 600	Тверь-	1	6			620	Тверь сверх 1 м3	90 552	17 000	7 500	12 500		2,60	1,10	1,97	7	3,1185	4,14	7,64					8,46	11,96	500	0,25
00-00002007	Станция Тверь-1ПНМ (6 П 620)	шт.	1	128 400	128 400	Тверь-	1	6		Н	620	Тверь сверх 1 м3	98 868	17 000	7 500	12 500		3,00	1,10	1,97	7	3,7125	4,62	8,46					9,77	13,61	500	0,25
#Н/Д	Станция Тверь-1ПНМ +0,2м (6 П 820)	шт.	1	134 400	134 400	Тверь-	1	6		Н	820	Тверь сверх 1 м3	103 488	17 500	7 500	12 500		3,00	1,10	2,17	7	3,7125	4,97	9,17					10,67	14,86	500	0,25
00-00002008	Станция Тверь-1НП (6 С 1020)	шт.	1	112 300	112 300	Тверь-	1	6	Н		1020	Тверь сверх 1 м3	86 471	16 000	9 500	14 500		3,00	1,10	1,67	7	3,7125	4,10	7,41					8,42	11,72	500	0,25
00-00002009	Станция Тверь-1НПМ (6 С 1320)	шт.	1	128 400	128 400	Тверь-	1	6	Н		1320	Тверь сверх 1 м3	98 868	17 000	9 500	14 500		3,00	1,10	1,97	7	3,7125	4,62	8,46					9,77	13,61	700	0,25
00-00002010	Станция Тверь-1НПН (6 П 1020)	шт.	1	121 800	121 800	Тверь-	1	6	Н	Н	1020	Тверь сверх 1 м3	93 786	16 000	9 500	14 500		3,40	1,10	1,67	8	4,3065	4,53	8,14					9,54	13,15	500	0,25
00-00002011	Станция Тверь-1НПНМ (6 П 1320)	шт.	1	140 400	140 400	Тверь-	1	6	Н	Н	1320	Тверь сверх 1 м3	108 108	17 000	9 500	14 500		3,40	1,10	1,97	8	4,3065	5,10	9,29					11,07	15,26	700	0,25
00-00002012	Станция Тверь-1,2П (7 С 320)	шт.	1	111 000	111 000	Тверь-	1,2	7			320	Тверь сверх 1 м3	85 470	18 000	8 500	13 500		2,80	1,10	1,67	7	3,4155	3,88	7,04					7,85	11,01	500	0,25
00-00002013	Станция Тверь-1,2ПН (7 П 320)	шт.	1	121 000	121 000	Тверь-	1,2	7		Н	320	Тверь сверх 1 м3	93 170	18 000	8 500	13 500		3,20	1,10	1,67	8	4,0095	4,31	7,77					8,98	12,44	500	0,25
00-00002014	Станция Тверь-1,2ПМ (7 С 620)	шт.	1	127 000	127 000	Тверь-	1,2	7			620	Тверь сверх 1 м3	97 790	19 000	8 500	13 500		2,80	1,10	1,97	7	3,4155	4,38	8,05					9,11	12,78	500	0,25
00-00002015	Станция Тверь-1,2ПНМ (7 П 620)	шт.	1	137 500	137 500	Тверь-	1,2	7		Н	620	Тверь сверх 1 м3	105 875	19 000	8 500	13 500		3,20	1,10	1,97	8	4,0095	4,86	8,88					10,42	14,43	500	0,25
00-00002016	Станция Тверь-1,2НП (7 С 1020)	шт.	1	121 000	121 000	Тверь-	1,2	7	Н		1020	Тверь сверх 1 м3	93 170	18 000	10 500	15 500		3,20	1,10	1,67	8	4,0095	4,31	7,77					8,98	12,44	500	0,25
00-00002017	Станция Тверь-1,2НПМ (7 С 1320)	шт.	1	137 500	137 500	Тверь-	1,2	7	Н		1320	Тверь сверх 1 м3	105 875	19 000	10 500	15 500		3,20	1,10	1,97	8	4,0095	4,86	8,88					10,42	14,43	700	0,25
00-00002018	Станция Тверь-1,2НПН (7 П 1020)	шт.	1	131 000	131 000	Тверь-	1,2	7	Н	Н	1020	Тверь сверх 1 м3	100 870	18 000	10 500	15 500		3,60	1,10	1,67	8	4,6035	4,74	8,50					10,10	13,86	500	0,25
00-00002019	Станция Тверь-1,2НПНМ (7 П 1320)	шт.	1	148 500	148 500	Тверь-	1,2	7	Н	Н	1320	Тверь сверх 1 м3	114 345	19 000	10 500	15 500		3,60	1,10	1,97	8	4,6035	5,34	9,70					11,72	16,08	700	0,25
00-00002020	Станция Тверь-1,5П (9 С 320)	шт.	1	125 000	125 000	Тверь-	1,5	9			320	Тверь сверх 1 м3	96 250	19 500	9 500	14 500		3,40	1,10	1,67	8	4,3065	4,53	8,14					9,54	13,15	500	0,25
00-00002021	Станция Тверь-1,5ПН (9 П 320)	шт.	1	136 600	136 600	Тверь-	1,5	9		Н	320	Тверь сверх 1 м3	105 182	19 500	9 500	14 500		3,85	1,10	1,67	9	4,97475	5,01	8,96					10,80	14,74	500	0,25
00-00002022	Станция Тверь-1,5ПМ (9 С 620)	шт.	1	143 600	143 600	Тверь-	1,5	9			620	Тверь сверх 1 м3	110 572	20 500	9 500	14 500		3,40	1,10	1,97	8	4,3065	5,10	9,29					11,07	15,26	500	0,25
00-00002023	Станция Тверь-1,5ПНМ (9 П 620)	шт.	1	154 400	154 400	Тверь-	1,5	9		Н	620	Тверь сверх 1 м3	118 888	20 500	9 500	14 500		3,85	1,10	1,97	9	4,97475	5,64	10,22					12,53	17,11	500	0,25
00-00002024	Станция Тверь-1,5НП (9 С 1020)	шт.	1	136 600	136 600	Тверь-	1,5	9	Н		1020	Тверь сверх 1 м3	105 182	19 500	11 500	16 500		3,85	1,10	1,67	9	4,97475	5,01	8,96					10,80	14,74	500	0,25
00-00002025	Станция Тверь-1,5НПМ (9 С 1320)	шт.	1	154 400	154 400	Тверь-	1,5	9	Н		1320	Тверь сверх 1 м3	118 888	20 500	11 500	16 500		3,85	1,10	1,97	9	4,97475	5,64	10,22					12,53	17,11	700	0,25
00-00002026	Станция Тверь-1,5НПН (9 П 1020)	шт.	1	148 200	148 200	Тверь-	1,5	9	Н	Н	1020	Тверь сверх 1 м3	114 114	19 500	11 500	16 500		4,30	1,10	1,67	9	5,643	5,50	9,78					12,06	16,34	500	0,25
00-00002027	Станция Тверь-1,5НПНМ (9 П 1320)	шт.	1	165 400	165 400	Тверь-	1,5	9	Н	Н	1320	Тверь сверх 1 м3	127 358	20 500	11 500	16 500		4,30	1,10	1,97	9	5,643	6,18	11,15					14,00	18,97	700	0,25
00-00002028	Станция Тверь-2П (12 С 320)	шт.	1	156 900	156 900	Тверь-	2	12			320	Тверь сверх 1 м3	120 813	22 000	10 000	15 000		4,00	1,30	1,67	9	6,1425	5,57	9,74					12,72	16,89	500	0,25
00-00002029	Станция Тверь-2ПН (12 П 320)	шт.	1	168 100	168 100	Тверь-	2	12		Н	320	Тверь сверх 1 м3	129 437	22 000	10 000	15 000		4,50	1,30	1,67	10	7,02	6,14	10,69					14,31	18,85	500	0,25
00-00002030	Станция Тверь-2ПМ (12 С 620)	шт.	1	167 600	167 600	Тверь-	2	12			620	Тверь сверх 1 м3	129 052	23 000	10 000	15 000		4,00	1,30	1,97	9	6,1425	6,25	11,09					14,76	19,60	500	0,25
00-00002031	Станция Тверь-2ПНМ (12 П 620)	шт.	1	179 400	179 400	Тверь-	2	12		Н	620	Тверь сверх 1 м3	138 138	23 000	10 000	15 000		4,50	1,30	1,97	10	7,02	6,88	12,15					16,60	21,87	500	0,25
00-00002032	Станция Тверь-2НП (12 С 1020)	шт.	1	168 100	168 100	Тверь-	2	12	Н		1020	Тверь сверх 1 м3	129 437	22 000	12 000	17 000		4,50	1,30	1,67	10	7,02	6,14	10,69					14,31	18,85	500	0,25
00-00002033	Станция Тверь-2НПМ (12 С 1320)	шт.	1	179 400	179 400	Тверь-	2	12	Н		1320	Тверь сверх 1 м3	138 138	23 000	12 000	17 000		4,50	1,30	1,97	10	7,02	6,88	12,15					16,60	21,87	700	0,25
00-00002034	Станция Тверь-2НПН (12 П 1020)	шт.	1	179 300	179 300	Тверь-	2	12	Н	Н	1020	Тверь сверх 1 м3	138 061	22 000	12 000	17 000		4,85	1,30	1,67	11	7,63425	6,54	11,35					15,42	20,22	500	0,25
00-00002035	Станция Тверь-2НПНМ (12 П 1320)	шт.	1	190 600	190 600	Тверь-	2	12	Н	Н	1320	Тверь сверх 1 м3	146 762	23 000	12 000	17 000		4,85	1,30	1,97	11	7,63425	7,32	12,89					17,89	23,47	700	0,25
00-00002036	Станция Тверь-3П (18 С 320)	шт.	1	176 900	176 900	Тверь-	3	18			320	Тверь сверх 1 м3	136 213	25 000	11 000	16 000		4,00	1,60	1,67	10	7,56	6,17	10,51					14,96	19,30	500	0,25
00-00002037	Станция Тверь-3ПН (18 П 320)	шт.	1	188 100	188 100	Тверь-	3	18		Н	320	Тверь сверх 1 м3	144 837	25 000	11 000	16 000		4,50	1,60	1,67	11	8,64	6,78	11,49					16,83	21,54	500	0,25
00-00002038	Станция Тверь-3ПМ (18 С 620)	шт.	1	191 600	191 600	Тверь-	3	18			620	Тверь сверх 1 м3	147 532	26 000	11 000	16 000		4,00	1,60	1,97	10	7,56	6,89	11,92					17,36	22,39	500	0,25
00-00002039	Станция Тверь-3ПНМ (18 П 620)	шт.	1	200 400	200 400	Тверь-	3	18		Н	620	Тверь сверх 1 м3	154 308	26 000	11 000	16 000		4,50	1,60	1,97	11	8,64	7,56	13,03					19,53	25,00	500	0,25
00-00002040	Станция Тверь-3НП (18 С 1020)	шт.	1	188 100	188 100	Тверь-	3	18	Н		1020	Тверь сверх 1 м3	144 837	25 000	13 000	18 000		4,50	1,60	1,67	11	8,64	6,78	11,49					16,83	21,54	500	0,25
00-00002041	Станция Тверь-3НПМ (18 С 1320)	шт.	1	200 400	200 400	Тверь-	3	18	Н		1320	Тверь сверх 1 м3	154 308	26 000	13 000	18 000		4,50	1,60	1,97	11	8,64	7,56	13,03					19,53	25,00	700	0,25
00-00002042	Станция Тверь-3НПН (18 П 1020)	шт.	1	199 300	199 300	Тверь-	3	18	Н	Н	1020	Тверь сверх 1 м3	153 461	25 000	13 000	18 000		5,00	1,60	1,67	11	9,72	7,40	12,48					18,70	23,79	500	0,25
00-00002043	Станция Тверь-3НПНМ (18 П 1320)	шт.	1	211 600	211 600	Тверь-	3	18	Н	Н	1320	Тверь сверх 1 м3	162 932	26 000	13 000	18 000		5,00	1,60	1,97	11	9,72	8,24	14,14					21,70	27,60	700	0,25
00-00002044	Септик Росток Мини	шт.	1	25 900	25 900	Росток		Мини				Росток	18 130	12 000			3 000	1,28	1,10	1,64	2	1	2,82	5,31					4,37	6,86	500	
00-00002045	Септик Росток Дачный	шт.	1	31 900	31 900	Росток		Дачный				Росток	22 330	14 000			3 000	1,68	1,11	1,72	3	1,5	3,71	6,61					5,73	8,63	500	
00-00000467	Септик Росток Загородный	шт.	1	46 900	46 900	Росток		Загородный				Росток	32 830	16 000			5 000	2,22	1,31	1,88	5	2,4	5,50	9,24					8,84	12,58	500	
00-00002046	Септик Росток Коттеджный	шт.	1	55 900	55 900	Росток		Коттеджный				Росток	39 130	19 000			5 000	2,36	1,44	1,97	5	3	6,32	10,45					10,49	14,63	500	
00-00002047	Биофильтр Росток плюс	шт.	1	33 000	33 000	Росток						Росток	23 100	14 000			3 000	1,68	1,11	1,72	3	1	3,71	6,61					5,73	8,63	500	
00-00002048	Септик Термит Профи накопитель 1.2	шт.	1	18 000	18 000	Термит Профи накопитель						Термит	12 600	12 000			3 000	1,34	1,16	1,57	3	1,2	2,85	5,31	569,1343125	12	1061,974312	22	4,52	6,98	500	
00-00002049	Септик Термит Профи 1.2	шт.	1	21 500	21 500	Термит Профи	0,4	2				Термит	15 050	12 000			3 000	1,34	1,16	1,57	3	1,2	2,85	5,31	569,1343125	12	1061,974312	22	4,52	6,98	500	
00-00002050	Септик Термит Профи накопитель 2.0	шт.	1	24 000	24 000	Термит Профи накопитель						Термит	16 800	16 000			3 000	1,60	1,16	2,00	3	2	4,31	7,62	861,192035	18	1524,792035	31	6,51	9,83	500	
00-00002051	Септик Термит Профи 2.0	шт.	1	29 900	29 900	Термит Профи	0,8	4				Термит	20 930	16 000			3 000	1,60	1,16	2,00	3	2	4,31	7,62	861,192035	18	1524,792035	31	6,51	9,83	500	
00-00002052	Септик Термит Профи накопитель 2.5	шт.	1	30 100	30 100	Термит Профи накопитель						Термит	21 070	18 000			5 000	2,00	1,16	2,01	4	2,5	5,22	8,89	1043,926359	21	1777,308359	36	7,86	11,52	500	
00-00002053	Септик Термит Профи 2.5	шт.	1	36 000	36 000	Термит Профи	1	5				Термит	25 200	18 000			5 000	2,00	1,16	2,01	4	2,5	5,22	8,89	1043,926359	21	1777,308359	36	7,86	11,52	500	
00-00002054	Септик Термит Профи накопитель 3.0	шт.	1	37 000	37 000	Термит Профи накопитель						Термит	25 900	19 000			5 000	2,30	1,16	1,91	4	3	5,53	9,26	1106,211862	23	1852,873862	38	8,42	12,15	500	
00-00002055	Септик Термит Профи 3.0	шт.	1	43 000	43 000	Термит Профи	1,2	6				Термит	30 100	19 000			5 000	2,30	1,16	1,91	4	3	5,53	9,26	1106,211862	23	1852,873862	38	8,42	12,15	500	
00-00002056	Септик Термит Профи накопитель 3.5	шт.	1	40 900	40 900	Термит Профи накопитель						Термит	28 630	21 000			7 000	2,41	1,19	2,01	4	3,5	6,21	10,25	1241,208253	25	2049,528253	41	9,40	13,45	500	
00-00002057	Септик Термит Профи 3.5	шт.	1	47 900	47 900	Термит Профи	1,8	7				Термит	33 530	21 000			7 000	2,41	1,19	2,01	4	3,5	6,21	10,25	1241,208253	25	2049,528253	41	9,40	13,45	500	
00-00002058	Септик Термит Профи накопитель 5.5	шт.	1	58 900	58 900	Термит Профи накопитель						Термит	41 230	25 000			7 000	2,22	1,65	2,40	6	5,5	8,18	13,24	1635,95785	33	2647,92985	53	13,40	18,46	500	
00-00002059	Септик Термит Профи 5.5	шт.	1	69 000	69 000	Термит Профи	2,2	12				Термит	48 300	25 000			7 000	2,22	1,65	2,40	6	5,5	8,18	13,24	1635,95785	33	2647,92985	53	13,40	18,46	500	
00-00002060	Септик Термит Трансформер 1.3 S	шт.	1	26 000	26 000	Термит Трансформер	0,5	2				Термит	18 200	14 000			3 000	2,00	0,79	1,56	3	1,3	3,25	5,89	649,8006398	13	1177,41464	24	4,71	7,34	500	
00-00002061	Септик Термит Трансформер 1.3 PR	шт.	1	31 900	31 900	Термит Трансформер	0,5	2		П		Термит	22 330	14 000			3 000	2,00	0,79	1,56	3	1,3	3,25	5,89	649,8006398	13	1177,41464	24	4,71	7,34	500	
00-00002062	Септик Термит Трансформер 1.5 S	шт.	1	28 900	28 900	Термит Трансформер	0,6	3				Термит	20 230	16 000			3 000	2,00	0,80	2,00	3	1,5	4,28	7,64	855,8566672	18	1527,856667	31	6,05	9,41	500	
00-00002063	Септик Термит Трансформер 1.5 PR	шт.	1	34 600	34 600	Термит Трансформер	0,6	3		П		Термит	24 220	16 000			3 000	2,00	0,80	2,00	3	1,5	4,28	7,64	855,8566672	18	1527,856667	31	6,05	9,41	500	
00-00002064	Септик Термит Трансформер 2.0 S	шт.	1	34 000	34 000	Термит Трансформер	0,8	4				Термит	23 800	16 000			3 000	2,00	1,00	2,10	3	2	5,12	8,82	1024,282782	21	1763,482782	36	7,39	11,09	500	
00-00002065	Септик Термит Трансформер 2.0 PR	шт.	1	39 400	39 400	Термит Трансформер	0,8	4		П		Термит	27 580	16 000			3 000	2,00	1,00	2,10	3	2	5,12	8,82	1024,282782	21	1763,482782	36	7,39	11,09	500	
00-00002066	Септик Термит Трансформер 2.5 S	шт.	1	39 900	39 900	Термит Трансформер	1	5				Термит	27 930	18 000			5 000	2,05	1,05	2,11	3	2,5	5,40	9,20	1080,316823	22	1840,556823	37	7,85	11,65	500	
00-00002067	Септик Термит Трансформер 2.5 PR	шт.	1	45 700	45 700	Термит Трансформер	1	5		П		Термит	31 990	18 000			5 000	2,05	1,05	2,11	3	2,5	5,40	9,20	1080,316823	22	1840,556823	37	7,85	11,65	500	
00-00002068	Септик Термит Трансформер 3.0 S	шт.	1	46 900	46 900	Термит Трансформер	1,2	6				Термит	32 830	19 000			5 000	2,19	1,20	2,07	4	3	5,96	9,95	1192,435653	24	1989,259653	40	8,99	12,98	500	
00-00002069	Септик Термит Трансформер 3.0 PR	шт.	1	52 500	52 500	Термит Трансформер	1,2	6		П		Термит	36 750	19 000			5 000	2,19	1,20	2,07	4	3	5,96	9,95	1192,435653	24	1989,259653	40	8,99	12,98	500	
00-00002070	Станция Ergobox  3 S 	шт.	1	55 000	55 000	Ergobox	0,5	3			900	Ergobox	38 500	14 000	7 500	12 500		1,56	0,79	2,00	2	1,3427425	2,78	5,76	556,905	12	1151,625	24	4,87	7,84	500	
00-00002071	Станция Ergobox  3 PR в комплекте с сигнализацией	шт.	1	60 800	60 800	Ergobox	0,5	3			900	Ergobox	42 560	14 000	7 500	12 500		1,56	0,79	2,00	2	1,3427425	2,78	5,76	556,905	12	1151,625	24	4,87	7,84	500	
00-00002072	Станция Ergobox  4 S 	шт.	1	59 000	59 000	Ergobox	0,8	4			900	Ergobox	41 300	16 000	7 500	12 500		2,00	0,80	2,00	3	1,76	3,61	6,97	722,6	15	1394,6	28	6,05	9,41	500	
00-00002073	Станция Ergobox  4 PR в комплекте с сигнализацией	шт.	1	64 800	64 800	Ergobox	0,8	4			900	Ergobox	45 360	16 000	7 500	12 500		2,00	0,80	2,00	3	1,76	3,61	6,97	722,6	15	1394,6	28	6,05	9,41	500	
00-00002074	Станция Ergobox  6 S	шт.	1	69 000	69 000	Ergobox	1,3	6			900	Ergobox	48 300	17 000	7 500	12 500		2,00	1,00	2,10	3	2,4	4,45	8,15	889,8	18	1629	33	7,39	11,09	500	
00-00002075	Станция Ergobox  6 PR в комплекте с сигнализацией	шт.	1	74 800	74 800	Ergobox	1,3	6			900	Ergobox	52 360	17 000	7 500	12 500		2,00	1,00	2,10	3	2,4	4,45	8,15	889,8	18	1629	33	7,39	11,09	500	
00-00002076	Станция Ergobox  8 S	шт.	1	82 400	82 400	Ergobox	1,6	8			900	Ergobox	57 680	19 000	8 500	13 500		2,05	1,05	2,11	3	2,604525	4,75	8,55	950,18	20	1710,42	35	7,85	11,65	500	
00-00002077	Станция Ergobox  8 PR в комплекте с сигнализацией	шт.	1	88 200	88 200	Ergobox	1,6	8			900	Ergobox	61 740	19 000	8 500	13 500		2,05	1,05	2,11	3	2,604525	4,75	8,55	950,18	20	1710,42	35	7,85	11,65	500	
00-00002078	Станция Ergobox 10 S 	шт.	1	99 900	99 900	Ergobox	1,9	10			900	Ergobox	69 930	21 000	9 500	14 500		2,19	1,20	2,07	4	3,07476	5,60	9,58	1119,59	23	1916,414	39	8,99	12,98	500	
00-00002079	Станция Ergobox 10 PR в комплекте с сигнализацией	шт.	1	105 700	105 700	Ergobox	1,9	10			900	Ergobox	73 990	21 000	9 500	14 500		2,19	1,20	2,07	4	3,07476	5,60	9,58	1119,59	23	1916,414	39	8,99	12,98	500	
00-00002080	Станция Кристалл-5	шт.	1	80 000	72 000	Кристалл	1	5			700	Кристалл	52 000	16 000	7 500	12 500		1,20	1,20	2,11	4	1,2	3,81	6,85					5,40	8,44	500	
00-00002081	Станция Кристалл-5 Лонг	шт.	1	90 000	81 000	Кристалл	1	5			1200	Кристалл	58 500	19 000	7 500	12 500		1,20	1,20	2,61	4	1,2	4,72	8,48					6,68	10,44	600	
00-00002082	Станция Кристалл-8	шт.	1	105 000	94 500	Кристалл	1,6	8			700	Кристалл	68 250	18 000	8 500	13 500		1,50	1,50	2,11	4	1,9	5,29	8,84					7,62	11,16	500	
00-00002083	Станция Кристалл-8 Лонг	шт.	1	114 000	102 600	Кристалл	1,6	8			1200	Кристалл	74 100	21 000	8 500	13 500		1,50	1,50	2,61	4	1,9	6,55	10,93					9,42	13,81	600	
00-00002084	Септик Танк-1	шт.	1	34 900	34 900	Танк	0,6	3			700	Танк	24 430	12 000			3 000	1,20	1,00	1,70	2	1,2	2,48	4,23	495	10	846	17	4,03	6,48	500	
00-00002085	Септик Танк-2	шт.	1	50 500	50 500	Танк	0,8	4			700	Танк	35 350	16 000			5 000	1,80	1,20	1,70	3	2	3,69	5,78	737,4	15	1155,2	24	6,34	9,36	500	
00-00002086	Септик Танк-2,5	шт.	1	58 300	58 300	Танк	1	5			700	Танк	40 810	18 000			5 000	2,03	1,20	1,85	4	2,5	4,51	6,58	901,5	19	1316,59	27	7,58	11,04	500	
00-00002087	Септик Танк-3	шт.	1	75 000	75 000	Танк	1,2	6			700	Танк	52 500	19 000			5 000	2,20	1,20	2,00	4	3	5,32	7,33	1063,2	22	1466,4	30	8,74	12,60	500	
																																
																																
	Себестоимость станции																							ЦПС	цемент	песок						
	БиоДека3	70%																						Коло Веси	1	15						
	БиоДека5…	65%																						Ergobox	1	5						
	Genesis	44%																						Танк	1	5						
	Коло Веси	50%																						Росток								
	Астра	65%																						ЕвроЛос с горл	1	10						
	Топас	70%																						Эргобокс								
	Тверь до 1м3	82%																						Термит	1	5						
	Тверь сверх 1 м3	77%																														
	БиоПурит	70%																														
	Росток	70%																														
	ЕвроБион	66%																														
	ЕвроЛос	70%																														
	ЕвроЛос с горл	70%																														
	Кристалл	65%																														
	Ergobox	70%																														
	Танк	70%																														
	Термит	70%																														
