00-00000365;Станция БиоДека 3 С 600                                      со скидкой;шт.;1;69 300;65 900;БиоДека;;3;;С;600;БиоДека3;48510;14000;7500;12500;;1,06;1,06;1,84;3;1,1;2,724712987;5,433832987;;;;;4,348464;7,057584;500;
00-00000366;Станция БиоДека 3 П 600                                      со скидкой;шт.;1;71 300;67 900;БиоДека;;3;;П;600;БиоДека3;49910;14000;7500;12500;;1,06;1,06;1,84;3;1,1;2,724712987;5,433832987;;;;;4,348464;7,057584;500;
00-00000367;Станция БиоДека 5 С 800                                      со скидкой;шт.;1;76 600;73 200;БиоДека;;5;;С;800;БиоДека5…;49790;16000;7500;12500;;1,06;1,06;2,34;3;1,4;3,349276299;6,722396299;;;;;5,414264;8,787384;500;
00-00000368;Станция БиоДека 5 П 800                                      со скидкой;шт.;1;78 600;75 200;БиоДека;;5;;П;800;БиоДека5…;51090;16000;7500;12500;;1,06;1,06;2,34;3;1,4;3,349276299;6,722396299;;;;;5,414264;8,787384;500;
00-00000369;Станция БиоДека 5 С 1300                                      со скидкой;шт.;1;83 680;79 500;БиоДека;;5;;С;1300;БиоДека5…;54392;19000;7500;12500;;1,06;1,06;2,84;3;1,4;3,973839611;8,010959611;;;;;6,480064;10,517184;800;
00-00000370;Станция БиоДека 5 П 1300                                      со скидкой;шт.;1;85 680;81 500;БиоДека;;5;;П;1300;БиоДека5…;55692;19000;7500;12500;;1,06;1,06;2,84;3;1,4;3,973839611;8,010959611;;;;;6,480064;10,517184;800;
00-00000371;Станция БиоДека 5 С 1800                                      со скидкой;шт.;1;107 890;102 500;БиоДека;;5;;С;1800;БиоДека5…;70128,5;21000;7500;12500;;1,06;1,06;3,34;3;1,4;4,598402923;9,299522923;;;;;7,545864;12,246984;800;
00-00000372;Станция БиоДека 5 П 1800                                      со скидкой;шт.;1;109 890;104 500;БиоДека;;5;;П;1800;БиоДека5…;71428,5;21000;7500;12500;;1,06;1,06;3,34;3;1,4;4,598402923;9,299522923;;;;;7,545864;12,246984;800;
00-00000373;Станция БиоДека 8 С 800                                      со скидкой;шт.;1;102 980;97 900;БиоДека;;8;;С;800;БиоДека5…;66937;18000;8500;13500;;1,35;1,35;2,35;4;2,2;4,445612841;8,423612841;;;;;7,809375;11,787375;500;
00-00000374;Станция БиоДека 8 П 800                                      со скидкой;шт.;1;104 980;99 900;БиоДека;;8;;П;800;БиоДека5…;68237;18000;8500;13500;;1,35;1,35;2,35;4;2,2;4,445612841;8,423612841;;;;;7,809375;11,787375;500;
00-00000375;Станция БиоДека 8 С 1300                                      со скидкой;шт.;1;113 350;107 700;БиоДека;;8;;С;1300;БиоДека5…;73677,5;21000;8500;13500;;1,35;1,35;2,85;4;2,2;5,261168765;10,01916876;;;;;9,340625;14,098625;800;
00-00000376;Станция БиоДека 8 П 1300                                      со скидкой;шт.;1;115 350;109 700;БиоДека;;8;;П;1300;БиоДека5…;74977,5;21000;8500;13500;;1,35;1,35;2,85;4;2,2;5,261168765;10,01916876;;;;;9,340625;14,098625;800;
00-00000377;Станция БиоДека 8 С 1800                                      со скидкой;шт.;1;124 700;118 500;БиоДека;;8;;С;1800;БиоДека5…;81055;23000;8500;13500;;1,35;1,35;3,35;4;2,2;6,076724688;11,61472469;;;;;10,871875;16,409875;800;
00-00000378;Станция БиоДека 8 П 1800                                      со скидкой;шт.;1;126 700;120 500;БиоДека;;8;;П;1800;БиоДека5…;82355;23000;8500;13500;;1,35;1,35;3,35;4;2,2;6,076724688;11,61472469;;;;;10,871875;16,409875;800;
00-00000379;Станция БиоДека 10 С 800                                      со скидкой;шт.;1;129 780;123 300;БиоДека;;10;;С;800;БиоДека5…;84357;21000;9500;14500;;1,6;1,6;2,35;5;3,1;5,475044649;9,963044649;;;;;10,2;14,688;500;
00-00000380;Станция БиоДека 10 П 800                                      со скидкой;шт.;1;131 780;125 300;БиоДека;;10;;П;800;БиоДека5…;85657;21000;9500;14500;;1,6;1,6;2,35;5;3,1;5,475044649;9,963044649;;;;;10,2;14,688;500;
00-00000381;Станция БиоДека 10 С 1000                                      со скидкой;шт.;1;136 820;130 000;БиоДека;;10;;С;1000;БиоДека5…;88933;22000;9500;14500;;1,6;1,6;2,56;5;3,1;5,892814596;10,7504146;;;;;11,04;15,8976;600;
00-00000382;Станция БиоДека 10 П 1000                                      со скидкой;шт.;1;138 820;132 000;БиоДека;;10;;П;1000;БиоДека5…;90233;22000;9500;14500;;1,6;1,6;2,56;5;3,1;5,892814596;10,7504146;;;;;11,04;15,8976;600;
00-00000383;Станция БиоДека 10 С 1500                                      со скидкой;шт.;1;158 000;150 100;БиоДека;;10;;С;1500;БиоДека5…;102700;25000;9500;14500;;1,6;1,6;3,06;5;3,1;6,887504947;12,62510495;;;;;13,04;18,7776;800;
00-00000384;Станция БиоДека 10 П 1500                                      со скидкой;шт.;1;160 000;152 100;БиоДека;;10;;П;1500;БиоДека5…;104000;25000;9500;14500;;1,6;1,6;3,06;5;3,1;6,887504947;12,62510495;;;;;13,04;18,7776;800;
00-00000385;Станция БиоДека 15 С 800                                      со скидкой;шт.;1;158 940;151 000;БиоДека;;15;;С;800;БиоДека5…;103311;24000;10500;15500;;2;2;2,36;6;4,9;7,331441338;12,65624134;;;;;14,7456;20,0704;500;
00-00000386;Станция БиоДека 15 П 800                                      со скидкой;шт.;1;160 940;153 000;БиоДека;;15;;П;800;БиоДека5…;104611;24000;10500;15500;;2;2;2,36;6;4,9;7,331441338;12,65624134;;;;;14,7456;20,0704;500;
00-00000387;Станция БиоДека 15 С 1000                                      со скидкой;шт.;1;169 000;160 600;БиоДека;;15;;С;1000;БиоДека5…;109850;25000;10500;15500;;2;2;2,57;6;4,9;7,88130688;13,64290688;;;;;15,9552;21,7168;600;
00-00000388;Станция БиоДека 15 П 1000                                      со скидкой;шт.;1;171 000;162 600;БиоДека;;15;;П;1000;БиоДека5…;111150;25000;10500;15500;;2;2;2,57;6;4,9;7,88130688;13,64290688;;;;;15,9552;21,7168;600;
00-00000389;Станция БиоДека 15 С 1500                                      со скидкой;шт.;1;176 840;168 000;БиоДека;;15;;С;1500;БиоДека5…;114946;28000;10500;15500;;2;2;3,07;6;4,9;9,190510553;15,99211055;;;;;18,8352;25,6368;800;
00-00000390;Станция БиоДека 15 П 1500                                      со скидкой;шт.;1;178 840;170 000;БиоДека;;15;;П;1500;БиоДека5…;116246;28000;10500;15500;;2;2;3,07;6;4,9;9,190510553;15,99211055;;;;;18,8352;25,6368;800;
00-00000391;Станция БиоДека 20 С 800                                      со скидкой;шт.;1;215 050;204 300;БиоДека;;20;;С;800;БиоДека5…;139782,5;26000;11500;16500;;2,16;2,16;2,36;6;5,7;8,129341336;13,78182134;;;;;16,777216;22,429696;500;
00-00000392;Станция БиоДека 20 П 800                                      со скидкой;шт.;1;217 050;206 300;БиоДека;;20;;П;800;БиоДека5…;141082,5;26000;11500;16500;;2,16;2,16;2,36;6;5,7;8,129341336;13,78182134;;;;;16,777216;22,429696;500;
00-00000393;Станция БиоДека 20 С 1000                                      со скидкой;шт.;1;221 650;210 600;БиоДека;;20;;С;1000;БиоДека5…;144072,5;27000;11500;16500;;2,16;2,16;2,57;6;5,8;8,736083065;14,85224307;;;;;18,153472;24,269632;600;
00-00000394;Станция БиоДека 20 П 1000                                      со скидкой;шт.;1;223 650;212 600;БиоДека;;20;;П;1000;БиоДека5…;145372,5;27000;11500;16500;;2,16;2,16;2,57;6;5,8;8,736083065;14,85224307;;;;;18,153472;24,269632;600;
00-00000395;Станция БиоДека 20 С 1500                                      со скидкой;шт.;1;236 420;224 600;БиоДека;;20;;С;1500;БиоДека5…;153673;30000;11500;16500;;2,16;2,16;3,07;6;5,8;10,18070623;17,40086623;;;;;21,430272;28,650432;800;
00-00000396;Станция БиоДека 20 П 1500                                      со скидкой;шт.;1;238 420;226 600;БиоДека;;20;;П;1500;БиоДека5…;154973;30000;11500;16500;;2,16;2,16;3,07;6;5,8;10,18070623;17,40086623;;;;;21,430272;28,650432;800;
00-00001899;Станция Genesis 350;шт.;1;152 400;121 920;Genesis;;5;;С;600;Genesis;67056;16000;7500;12500;;1,5;1,08;1,85;4;2,2;3,346684995;6,446284995;;;;;5,7646;8,8642;500;
00-00001900;Станция Genesis 350 ПР;шт.;1;167 400;133 920;Genesis;;5;;П;600;Genesis;73656;16000;7500;12500;;1,5;1,08;1,85;4;2,2;3,346684995;6,446284995;;;;;5,7646;8,8642;500;
00-00001901;Станция Genesis 500;шт.;1;187 500;150 000;Genesis;;8;;С;800;Genesis;82500;18000;8500;13500;;1,5;1,08;2,35;4;2,7;4,099194453;7,954794453;;;;;7,1706;11,0262;500;
00-00001902;Станция Genesis 500 ПР;шт.;1;202 500;162 000;Genesis;;8;;П;800;Genesis;89100;18000;8500;13500;;1,5;1,08;2,35;4;2,7;4,099194453;7,954794453;;;;;7,1706;11,0262;500;
00-00001903;Станция Genesis 500 L;шт.;1;208 200;166 560;Genesis;;8;;С;1300;Genesis;91608;21000;8500;13500;;1,5;1,08;2,85;4;2,7;4,851703911;9,463303911;;;;;8,5766;13,1882;800;
00-00001904;Станция Genesis 500 L ПР;шт.;1;223 200;178 560;Genesis;;8;;С;1300;Genesis;98208;21000;8500;13500;;1,5;1,08;2,85;4;2,7;4,851703911;9,463303911;;;;;8,5766;13,1882;800;
00-00001905;Станция Genesis 700;шт.;1;;;Genesis;;10;;С;800;Genesis;;21000;9500;14500;;1,7;1,35;2,35;5;3,5;5,078877231;9,413877231;;;;;9,37125;13,70625;500;
00-00001906;Станция Genesis 700 ПР;шт.;1;;;Genesis;;10;;П;800;Genesis;;21000;9500;14500;;1,7;1,35;2,35;5;3,5;5,078877231;9,413877231;;;;;9,37125;13,70625;500;
00-00001907;Станция Genesis 700 L;шт.;1;;;Genesis;;10;;С;1300;Genesis;;24000;9500;14500;;1,7;1,35;2,85;5;3,5;6,003106429;11,18810643;;;;;11,20875;16,39375;800;
00-00001908;Станция Genesis 700 L ПР;шт.;1;;;Genesis;;10;;П;1300;Genesis;;24000;9500;14500;;1,7;1,35;2,85;5;3,5;6,003106429;11,18810643;;;;;11,20875;16,39375;800;
00-00001909;Станция Genesis 1000;шт.;1;241 500;193 200;Genesis;;15;;С;800;Genesis;106260;24000;10500;15500;;2,1;1,6;2,35;6;5,4;6,433140747;11,43114075;;;;;12,75;17,748;500;
00-00001910;Станция Genesis 1000 ПР;шт.;1;256 875;205 500;Genesis;;15;;П;800;Genesis;113025;24000;10500;15500;;2,1;1,6;2,35;6;5,4;6,433140747;11,43114075;;;;;12,75;17,748;500;
00-00001911;Станция Genesis 1000 L;шт.;1;;;Genesis;;15;;С;1300;Genesis;;27000;10500;15500;;2,1;1,6;2,85;6;5,4;7,589128139;13,56712814;;;;;15,25;21,228;800;
00-00001912;Станция Genesis 1000 L ПР;шт.;1;;;Genesis;;15;;П;1300;Genesis;;27000;10500;15500;;2,1;1,6;2,85;6;5,4;7,589128139;13,56712814;;;;;15,25;21,228;800;
00-00000397;Станция Топас 4 С 800                                       со скидкой;шт.;1;91 200;82 080;Топас;;4;;С;800;Топас;63840;15000;7500;12500;;0,95;0,95;2,5;4;1,5;2,6645;6,0125;;;;;4,92075;8,26875;500;
00-00000398;Станция Топас 4 П 800                                       со скидкой;шт.;1;100 800;90 720;Топас;;4;;П;800;Топас;70560;15000;7500;12500;;0,95;0,95;2,5;4;1,5;2,6645;6,0125;;;;;4,92075;8,26875;500;
00-00000399;Станция Топас 5 С 800                                       со скидкой;шт.;1;102 900;92 610;Топас;;5;;С;800;Топас;72030;16000;7500;12500;;1,1;1,2;2,5;4;2,2;3,18;6,96;;;;;6,48;10,26;500;
00-00000400;Станция Топас 5 П 800                                       со скидкой;шт.;1;113 300;101 970;Топас;;5;;П;800;Топас;79310;16000;7500;12500;;1;1,2;2,6;4;2,2;3,152;6,96;;;;;6,272;10,08;500;
00-00000401;Станция Топас 5 С 1400                                       со скидкой;шт.;1;127 300;114 570;Топас;;5;;С;1400;Топас;89110;19000;7500;12500;;1,1;1,2;3,1;4;2,2;3,828;8,448;;;;;7,92;12,54;800;
00-00000402;Станция Топас 5 П 1400                                       со скидкой;шт.;1;141 500;127 350;Топас;;5;;П;1400;Топас;99050;19000;7500;12500;;1,1;1,2;3,1;4;2,2;3,828;8,448;;;;;7,92;12,54;800;
00-00000403;Станция Топас 6 С 800                                       со скидкой;шт.;1;106 600;95 940;Топас;;6;;С;800;Топас;74620;16000;7500;12500;;1,2;1,2;2,55;4;2,5;3,368;7,328;;;;;7,04;11;500;
00-00000404;Станция Топас 6 П 800                                       со скидкой;шт.;1;117 600;105 840;Топас;;6;;П;800;Топас;82320;16000;7500;12500;;1,1;1,2;2,6;4;2,4;3,288;7,208;;;;;6,72;10,64;500;
00-00000405;Станция Топас 6 С 1400                                       со скидкой;шт.;1;131 200;118 080;Топас;;6;;С;1400;Топас;91840;19000;7500;12500;;1,2;1;3,1;4;2;3,672;8,16;;;;;7,392;11,88;800;
00-00000406;Станция Топас 6 П 1400                                       со скидкой;шт.;1;147 400;132 660;Топас;;6;;П;1400;Топас;103180;19000;7500;12500;;1,2;1;3,1;4;2;3,672;8,16;;;;;7,392;11,88;800;
00-00000407;Станция Топас 8 С 800                                       со скидкой;шт.;1;129 500;116 550;Топас;;8;;С;800;Топас;90650;18000;8500;13500;;1,6;1,2;2,5;5;3,3;3,84;8,16;;;;;8,64;12,96;500;
00-00000408;Станция Топас 8 П 800                                       со скидкой;шт.;1;140 700;126 630;Топас;;8;;П;800;Топас;98490;18000;8500;13500;;1,6;1,2;2,6;5;3,5;3,968;8,448;;;;;8,96;13,44;500;
00-00000409;Станция Топас 8 С 1400                                       со скидкой;шт.;1;146 100;131 490;Топас;;8;;С;1400;Топас;102270;21000;8500;13500;;1,6;1,2;3,1;5;3,3;4,608;9,888;;;;;10,56;15,84;800;
00-00000410;Станция Топас 8 П 1400                                       со скидкой;шт.;1;160 700;144 630;Топас;;8;;П;1400;Топас;112490;21000;8500;13500;;1,6;1,5;3,1;6;4,1;5,1;10,776;;;;;12,54;18,216;800;
00-00000411;Станция Топас 9 С 800                                       со скидкой;шт.;1;131 700;118 530;Топас;;9;;С;800;Топас;92190;19500;9500;14500;;1,6;1,2;2,55;5;3,4;3,904;8,304;;;;;8,8;13,2;500;
00-00000412;Станция Топас 9 П 800                                       со скидкой;шт.;1;142 100;127 890;Топас;;9;;П;800;Топас;99470;19500;9500;14500;;1,6;1,2;2,6;5;3,5;3,968;8,448;;;;;8,96;13,44;500;
00-00000413;Станция Топас 9 С 1400                                       со скидкой;шт.;1;150 700;135 630;Топас;;9;;С;1400;Топас;105490;22500;9500;14500;;1,6;1,2;3,1;5;3,3;4,608;9,888;;;;;10,56;15,84;800;
00-00000414;Станция Топас 9 П 1400                                       со скидкой;шт.;1;163 300;146 970;Топас;;9;;П;1400;Топас;114310;22500;9500;14500;;1,5;1,2;3,1;5;3,1;4,452;9,6;;;;;10,032;15,18;800;
00-00000415;Станция Топас 9 С 1400 Ус                                      со скидкой;шт.;1;172 100;154 890;Топас;;9;;С;1400;Топас;120470;22500;9500;14500;;1,8;1,4;3,1;6;4,3;5,256;11,064;;;;;13,068;18,876;800;
00-00000416;Станция Топас 9 П 1400 Ус                                      со скидкой;шт.;1;183 900;165 510;Топас;;9;;П;1400;Топас;128730;22500;9500;14500;;1,7;1,35;3,1;6;3,9;5,013;10,623;;;;;12,1275;17,7375;800;
00-00000417;Станция Топас 10 С 800                                       со скидкой;шт.;1;168 600;151 740;Топас;;10;;С;800;Топас;118020;21000;9500;14500;;2,1;1,2;2,5;6;4,3;4,5;9,36;;;;;10,8;15,66;500;
00-00000418;Станция Топас 10 П 800                                       со скидкой;шт.;1;179 500;161 550;Топас;;10;;П;800;Топас;125650;21000;9500;14500;;2,1;1,2;2,6;6;4,5;4,648;9,688;;;;;11,2;16,24;500;
00-00000419;Станция Топас 10 С 1400                                       со скидкой;шт.;1;189 700;170 730;Топас;;10;;С;1400;Топас;132790;24000;9500;14500;;2,1;1,2;3,1;6;4,3;5,388;11,328;;;;;13,2;19,14;800;
00-00000420;Станция Топас 10 П 1400                                       со скидкой;шт.;1;210 900;189 810;Топас;;10;;П;1400;Топас;147630;24000;9500;14500;;2,1;1,2;3,1;6;4,3;5,388;11,328;;;;;13,2;19,14;800;
00-00000421;Станция Топас 10 С 1400 Ус                                      со скидкой;шт.;1;218 700;196 830;Топас;;10;;С;1400;Топас;153090;24000;9500;14500;;2,1;1,2;3,1;6;4,3;5,388;11,328;;;;;13,2;19,14;800;
00-00000422;Станция Топас 10 П 1400 Ус                                      со скидкой;шт.;1;230 100;207 090;Топас;;10;;П;1400;Топас;161070;24000;9500;14500;;2,1;1,2;3,1;6;4,3;5,388;11,328;;;;;13,2;19,14;800;
00-00000423;Станция Топас 12 С 800                                       со скидкой;шт.;1;172 400;155 160;Топас;;12;;С;800;Топас;120680;22000;10000;15000;;2,1;1,2;2,55;6;4,4;4,574;9,524;;;;;11;15,95;500;
00-00000424;Станция Топас 12 П 800                                       со скидкой;шт.;1;185 100;166 590;Топас;;12;;П;800;Топас;129570;22000;10000;15000;;2,05;1,2;2,6;6;4,4;4,58;9,564;;;;;10,976;15,96;500;
00-00000425;Станция Топас 12 С 1400                                       со скидкой;шт.;1;193 500;174 150;Топас;;12;;С;1400;Топас;135450;25000;10000;15000;;2,1;1,2;3,1;6;4,3;5,388;11,328;;;;;13,2;19,14;800;
00-00000426;Станция Топас 12 П 1400                                       со скидкой;шт.;1;212 500;191 250;Топас;;12;;П;1400;Топас;148750;25000;10000;15000;;2;1,2;3,1;6;4,1;5,232;11,04;;;;;12,672;18,48;800;
00-00000427;Станция Топас 12 С 1400 Ус                                      со скидкой;шт.;1;219 700;197 730;Топас;;12;;С;1400;Топас;153790;25000;10000;15000;;2,11;1,4;3,1;6;5;5,752;11,9692;;;;;14,9094;21,1266;800;
00-00000428;Станция Топас 12 П 1400 Ус                                      со скидкой;шт.;1;231 700;208 530;Топас;;12;;П;1400;Топас;162190;25000;10000;15000;;2;1,4;3,1;6;4,8;5,576;11,648;;;;;14,256;20,328;800;
00-00000429;Станция Топас 15 С 800                                       со скидкой;шт.;1;200 600;180 540;Топас;;15;;С;800;Топас;140420;24000;10500;15500;;2,1;1,2;2,5;6;4,3;4,5;9,36;;;;;10,8;15,66;500;
00-00000430;Станция Топас 15 П 800                                       со скидкой;шт.;1;225 600;203 040;Топас;;15;;П;800;Топас;157920;24000;10500;15500;;2,1;1,2;2,6;6;4,5;4,648;9,688;;;;;11,2;16,24;500;
00-00000431;Станция Топас 15 С 1400                                       со скидкой;шт.;1;230 000;207 000;Топас;;15;;С;1400;Топас;161000;27000;10500;15500;;2,1;1,2;3,1;6;4,3;5,388;11,328;;;;;13,2;19,14;800;
00-00000432;Станция Топас 15 П 1400                                       со скидкой;шт.;1;247 600;222 840;Топас;;15;;П;1400;Топас;173320;27000;10500;15500;;2,1;1,2;3,1;6;4,3;5,388;11,328;;;;;13,2;19,14;800;
00-00000433;Станция Топас 15 С 1400 Ус                                      со скидкой;шт.;1;249 300;224 370;Топас;;15;;С;1400;Топас;174510;27000;10500;15500;;2,1;1,2;3,1;6;4,3;5,388;11,328;;;;;13,2;19,14;800;
00-00000434;Станция Топас 15 П 1400 Ус                                      со скидкой;шт.;1;267 700;240 930;Топас;;15;;П;1400;Топас;187390;27000;10500;15500;;2,1;1,2;3,1;6;4,3;5,388;11,328;;;;;13,2;19,14;800;
00-00001913;Станция Топас 30 С 800;шт.;1;335 800;335 800;Топас;;30;;С;800;Топас;235060;34000;13000;18000;;2,3;2,2;3,1;8;11,6;7,48;15,004;;;;;23,166;30,69;500;
00-00001914;Станция Топас 30 П 1400;шт.;1;369 000;369 000;Топас;;30;;П;1400;Топас;258300;37000;13000;18000;;2,2;2,2;3,1;8;8,2;7,304;14,696;;;;;22,308;29,7;800;
00-00001915;Станция Топас 40 П 800;шт.;1;447 400;447 400;Топас;;40;;П;800;Топас;313180;42000;14500;19500;;2,3;2,2;3,1;8;11,6;7,48;15,004;;;;;23,166;30,69;500;
00-00001916;Станция Топас-С 4 С 800                                        со скидкой;шт.;1;80 200;72 180;Топас-С;;4;;С;800;Топас;56140;15000;7500;12500;;0,95;0,95;2,5;4;1,5;2,6645;6,0125;;;;;4,92075;8,26875;500;
00-00001917;Станция Топас-С 4 П 800                                        со скидкой;шт.;1;90 000;81 000;Топас-С;;4;;П;800;Топас;63000;15000;7500;12500;;0,95;0,95;2,5;4;1,5;2,6645;6,0125;;;;;4,92075;8,26875;500;
00-00001918;Станция Топас-С 5 С 800                                        со скидкой;шт.;1;89 700;80 730;Топас-С;;5;;С;800;Топас;62790;16000;7500;12500;;1,1;1,2;2,5;4;2,2;3,18;6,96;;;;;6,48;10,26;500;
00-00001919;Станция Топас-С 5 П 800                                        со скидкой;шт.;1;102 000;91 800;Топас-С;;5;;П;800;Топас;71400;16000;7500;12500;;1;1,2;2,6;4;2,2;3,152;6,96;;;;;6,272;10,08;500;
00-00001920;Станция Топас-С 5 С 1400                                        со скидкой;шт.;1;113 900;102 510;Топас-С;;5;;С;1400;Топас;79730;19000;7500;12500;;1,1;1,2;3,1;4;2,2;3,828;8,448;;;;;7,92;12,54;800;
00-00001921;Станция Топас-С 5 П 1400                                        со скидкой;шт.;1;127 900;115 110;Топас-С;;5;;П;1400;Топас;89530;19000;7500;12500;;1,1;1,2;3,1;4;2,2;3,828;8,448;;;;;7,92;12,54;800;
00-00001922;Станция Топас-С 6 С 800                                        со скидкой;шт.;1;96 600;86 940;Топас-С;;6;;С;800;Топас;67620;16000;7500;12500;;1,2;1,2;2,55;4;2,5;3,368;7,328;;;;;7,04;11;500;
00-00001923;Станция Топас-С 6 П 800                                        со скидкой;шт.;1;107 200;96 480;Топас-С;;6;;П;800;Топас;75040;16000;7500;12500;;1,1;1,2;2,6;4;2,4;3,288;7,208;;;;;6,72;10,64;500;
00-00001924;Станция Топас-С 6 С 1400                                        со скидкой;шт.;1;117 400;105 660;Топас-С;;6;;С;1400;Топас;82180;19000;7500;12500;;1,2;1;3,1;4;2;3,672;8,16;;;;;7,392;11,88;800;
00-00001925;Станция Топас-С 6 П 1400                                        со скидкой;шт.;1;131 200;118 080;Топас-С;;6;;П;1400;Топас;91840;19000;7500;12500;;1,2;1;3,1;4;2;3,672;8,16;;;;;7,392;11,88;800;
00-00001926;Станция Топас-С 8 С 800                                        со скидкой;шт.;1;116 900;105 210;Топас-С;;8;;С;800;Топас;81830;18000;8500;13500;;1,6;1,2;2,5;5;3,3;3,84;8,16;;;;;8,64;12,96;500;
00-00001927;Станция Топас-С 8 П 800                                        со скидкой;шт.;1;129 100;116 190;Топас-С;;8;;П;800;Топас;90370;18000;8500;13500;;1,6;1,2;2,6;5;3,5;3,968;8,448;;;;;8,96;13,44;500;
00-00001928;Станция Топас-С 8 С 1400                                        со скидкой;шт.;1;133 100;119 790;Топас-С;;8;;С;1400;Топас;93170;21000;8500;13500;;1,6;1,2;3,1;5;3,3;4,608;9,888;;;;;10,56;15,84;800;
00-00001929;Станция Топас-С 8 П 1400                                        со скидкой;шт.;1;146 900;132 210;Топас-С;;8;;П;1400;Топас;102830;21000;8500;13500;;1,6;1,5;3,1;6;4,1;5,1;10,776;;;;;12,54;18,216;800;
00-00001930;Станция Топас-С 8 С 1400 Ус                                       со скидкой;шт.;1;147 500;132 750;Топас-С;;8;;С;1400;Топас;103250;21000;8500;13500;;;;;;;0,032;0,128;;;;;0,032;0,128;800;
00-00001931;Станция Топас-С 8 П 1400 Ус                                       со скидкой;шт.;1;161 300;145 170;Топас-С;;8;;П;1400;Топас;112910;21000;8500;13500;;;;;;;0,032;0,128;;;;;0,032;0,128;800;
00-00001932;Станция Топас-С 9 С 800                                        со скидкой;шт.;1;121 700;109 530;Топас-С;;9;;С;800;Топас;85190;19500;9500;14500;;1,6;1,2;2,55;5;3,4;3,904;8,304;;;;;8,8;13,2;500;
00-00001933;Станция Топас-С 9 П 800                                        со скидкой;шт.;1;131 900;118 710;Топас-С;;9;;П;800;Топас;92330;19500;9500;14500;;1,6;1,2;2,6;5;3,5;3,968;8,448;;;;;8,96;13,44;500;
00-00001934;Станция Топас-С 9 С 1400                                        со скидкой;шт.;1;138 500;124 650;Топас-С;;9;;С;1400;Топас;96950;22500;9500;14500;;1,6;1,2;3,1;5;3,3;4,608;9,888;;;;;10,56;15,84;800;
00-00001935;Станция Топас-С 9 П 1400                                        со скидкой;шт.;1;151 000;135 900;Топас-С;;9;;П;1400;Топас;105700;22500;9500;14500;;1,5;1,2;3,1;5;3,1;4,452;9,6;;;;;10,032;15,18;800;
00-00001936;Станция Топас-С 9 С 1400 Ус                                       со скидкой;шт.;1;159 500;143 550;Топас-С;;9;;С;1400;Топас;111650;22500;9500;14500;;1,8;1,4;3,1;6;4,3;5,256;11,064;;;;;13,068;18,876;800;
00-00001937;Станция Топас-С 9 П 1400 Ус                                       со скидкой;шт.;1;170 900;153 810;Топас-С;;9;;П;1400;Топас;119630;22500;9500;14500;;1,7;1,35;3,1;6;3,9;5,013;10,623;;;;;12,1275;17,7375;800;
00-00001938;Станция Топас-С 10 С 800                                        со скидкой;шт.;1;151 600;136 440;Топас-С;;10;;С;800;Топас;106120;21000;9500;14500;;2,1;1,2;2,5;6;4,3;4,5;9,36;;;;;10,8;15,66;500;
00-00001939;Станция Топас-С 10 П 800                                        со скидкой;шт.;1;163 700;147 330;Топас-С;;10;;П;800;Топас;114590;21000;9500;14500;;2,1;1,2;2,6;6;4,5;4,648;9,688;;;;;11,2;16,24;500;
00-00001940;Станция Топас-С 10 С 1400                                        со скидкой;шт.;1;171 900;154 710;Топас-С;;10;;С;1400;Топас;120330;24000;9500;14500;;2,1;1,2;3,1;6;4,3;5,388;11,328;;;;;13,2;19,14;800;
00-00001941;Станция Топас-С 10 П 1400                                        со скидкой;шт.;1;193 500;174 150;Топас-С;;10;;П;1400;Топас;135450;24000;9500;14500;;2,1;1,2;3,1;6;4,3;5,388;11,328;;;;;13,2;19,14;800;
00-00001942;Станция Топас-С 10 С 1400 Ус                                       со скидкой;шт.;1;200 300;180 270;Топас-С;;10;;С;1400;Топас;140210;24000;9500;14500;;2,1;1,2;3,1;6;4,3;5,388;11,328;;;;;13,2;19,14;800;
00-00001943;Станция Топас-С 10 П 1400 Ус                                       со скидкой;шт.;1;211 100;189 990;Топас-С;;10;;П;1400;Топас;147770;24000;9500;14500;;2,1;1,2;3,1;6;4,3;5,388;11,328;;;;;13,2;19,14;800;
00-00001944;Станция Топас-С 12 С 800                                        со скидкой;шт.;1;155 600;140 040;Топас-С;;12;;С;800;Топас;108920;22000;10000;15000;;2,1;1,2;2,55;6;4,4;4,574;9,524;;;;;11;15,95;500;
00-00001945;Станция Топас-С 12 П 800                                        со скидкой;шт.;1;168 100;151 290;Топас-С;;12;;П;800;Топас;117670;22000;10000;15000;;2,05;1,2;2,6;6;4,4;4,58;9,564;;;;;10,976;15,96;500;
00-00001946;Станция Топас-С 12 С 1400                                        со скидкой;шт.;1;174 900;157 410;Топас-С;;12;;С;1400;Топас;122430;25000;10000;15000;;2,1;1,2;3,1;6;4,3;5,388;11,328;;;;;13,2;19,14;800;
00-00001947;Станция Топас-С 12 П 1400                                        со скидкой;шт.;1;191 500;172 350;Топас-С;;12;;П;1400;Топас;134050;25000;10000;15000;;2;1,2;3,1;6;4,1;5,232;11,04;;;;;12,672;18,48;800;
00-00001948;Станция Топас-С 12 С 1400 Ус                                       со скидкой;шт.;1;201 300;181 170;Топас-С;;12;;С;1400;Топас;140910;25000;10000;15000;;2,11;1,4;3,1;6;5;5,752;11,9692;;;;;14,9094;21,1266;800;
00-00001949;Станция Топас-С 12 П 1400 Ус                                       со скидкой;шт.;1;211 800;190 620;Топас-С;;12;;П;1400;Топас;148260;25000;10000;15000;;2;1,4;3,1;6;4,8;5,576;11,648;;;;;14,256;20,328;800;
00-00000464;Станция Астра 3 С 600                                       со скидкой;шт.;1;73 000;62 050;Астра;;3;;С;600;Астра;47450;14000;7500;12500;;1,12;0,94;2,03;4;1,5;2,40488;5,3128;;;;;4,542064;7,449984;500;
00-00000336;Станция Астра 3 П 600                                       со скидкой;шт.;1;75 000;63 750;Астра;;3;;П;600;Астра;48750;14000;7500;12500;;1,12;0,94;2,03;4;1,5;2,40488;5,3128;;;;;4,542064;7,449984;500;
00-00000337;Станция Астра 4 С 850                                       со скидкой;шт.;1;78 900;67 065;Астра;;4;;С;850;Астра;51285;16000;7500;12500;;1,12;0,94;2,28;4;1,5;2,65088;5,8848;;;;;5,051264;8,285184;500;
00-00001950;Станция Астра 4 П 850                                       со скидкой;шт.;1;80 900;68 765;Астра;;4;;П;850;Астра;52585;16000;7500;12500;;1,12;0,94;2,28;4;1,5;2,65088;5,8848;;;;;5,051264;8,285184;500;
00-00000338;Станция Астра 5 С 850                                       со скидкой;шт.;1;89 500;76 075;Астра;;5;;С;850;Астра;58175;17000;7500;12500;;1,03;1,12;2,36;4;1,7;2,84192;6,27232;;;;;5,564416;8,994816;500;
00-00000339;Станция Астра 5 П 850                                       со скидкой;шт.;1;91 500;77 775;Астра;;5;;П;850;Астра;59475;17000;7500;12500;;1,03;1,12;2,36;4;1,7;2,84192;6,27232;;;;;5,564416;8,994816;500;
00-00000340;Станция Астра 5 С 1000                                       со скидкой;шт.;1;91 700;77 945;Астра;;5;;С;1000;Астра;59605;17000;7500;12500;;1,03;1,12;2,5;4;1,7;2,98472;6,60272;;;;;5,86872;9,48672;600;
00-00000341;Станция Астра 5 П 1000                                       со скидкой;шт.;1;93 700;79 645;Астра;;5;;П;1000;Астра;60905;17000;7500;12500;;1,03;1,12;2,5;4;1,7;2,98472;6,60272;;;;;5,86872;9,48672;600;
00-00000342;Станция Астра 5 С 1500                                       со скидкой;шт.;1;114 100;96 985;Астра;;5;;С;1500;Астра;74165;20000;7500;12500;;1,16;1;3;4;1,7;3,5088;7,8096;;;;;6,9888;11,2896;800;
00-00000343;Станция Астра 5 П 1500                                       со скидкой;шт.;1;116 100;98 685;Астра;;5;;П;1500;Астра;75465;20000;7500;12500;;1,16;1;3;4;1,7;3,5088;7,8096;;;;;6,9888;11,2896;800;
00-00000344;Станция Астра 6 С 850                                       со скидкой;шт.;1;95 200;80 920;Астра;;6;;С;850;Астра;61880;17000;7500;12500;;1,2;1,15;2,36;4;2,1;3,092;6,7272;;;;;6,3488;9,984;500;
00-00001951;Станция Астра 6 П 850                                       со скидкой;шт.;1;97 200;82 620;Астра;;6;;П;850;Астра;63180;17000;7500;12500;;1,2;1,15;2,36;4;2,1;3,092;6,7272;;;;;6,3488;9,984;500;
00-00000345;Станция Астра 6 С 1000                                       со скидкой;шт.;1;97 500;82 875;Астра;;6;;С;1000;Астра;63375;17000;7500;12500;;1,2;1,15;2,5;4;2,1;3,246;7,08;;;;;6,696;10,53;600;
00-00001952;Станция Астра 6 П 1000                                       со скидкой;шт.;1;99 500;84 575;Астра;;6;;П;1000;Астра;64675;17000;7500;12500;;1,2;1,15;2,5;4;2,1;3,246;7,08;;;;;6,696;10,53;600;
00-00000346;Станция Астра 6 С 1500                                       со скидкой;шт.;1;114 800;97 580;Астра;;6;;С;1500;Астра;74620;20000;7500;12500;;1,2;1,16;3;4;2,1;3,8112;8,368;;;;;7,9872;12,544;800;
00-00001953;Станция Астра 6 П 1500                                       со скидкой;шт.;1;116 800;99 280;Астра;;6;;П;1500;Астра;75920;20000;7500;12500;;1,2;1,16;3;4;2,1;3,8112;8,368;;;;;7,9872;12,544;800;
00-00000347;Станция Астра 7 С 850                                       со скидкой;шт.;1;106 000;90 100;Астра;;7;;С;850;Астра;68900;19000;8500;13500;;1,3;1,16;2,36;5;2,3;3,23024;6,97808;;;;;6,78912;10,53696;500;
00-00001954;Станция Астра 7 П 850                                       со скидкой;шт.;1;108 000;91 800;Астра;;7;;П;850;Астра;70200;19000;8500;13500;;1,3;1,16;2,36;5;2,3;3,23024;6,97808;;;;;6,78912;10,53696;500;
00-00000348;Станция Астра 7 С 1000                                       со скидкой;шт.;1;107 500;91 375;Астра;;7;;С;1000;Астра;69875;19000;8500;13500;;1,3;1,16;2,5;5;2,3;3,3904;7,3432;;;;;7,1604;11,1132;600;
00-00001955;Станция Астра 7 П 1000                                       со скидкой;шт.;1;109 500;93 075;Астра;;7;;П;1000;Астра;71175;19000;8500;13500;;1,3;1,16;2,5;5;2,3;3,3904;7,3432;;;;;7,1604;11,1132;600;
00-00000349;Станция Астра 7 С 1500                                       со скидкой;шт.;1;124 000;105 400;Астра;;7;;С;1500;Астра;80600;22000;8500;13500;;1,3;1,16;3;5;2,3;3,9624;8,6472;;;;;8,4864;13,1712;800;
00-00001956;Станция Астра 7 П 1500                                       со скидкой;шт.;1;126 000;107 100;Астра;;7;;П;1500;Астра;81900;22000;8500;13500;;1,3;1,16;3;5;2,3;3,9624;8,6472;;;;;8,4864;13,1712;800;
00-00000350;Станция Астра 8 С 850                                       со скидкой;шт.;1;109 500;93 075;Астра;;8;;С;850;Астра;71175;19000;8500;13500;;1,5;1,16;2,36;5;2,6;3,48144;7,43408;;;;;7,58784;11,54048;500;
00-00000351;Станция Астра 8 П 850                                       со скидкой;шт.;1;111 500;94 775;Астра;;8;;П;850;Астра;72475;19000;8500;13500;;1,5;1,16;2,36;5;2,6;3,48144;7,43408;;;;;7,58784;11,54048;500;
00-00000352;Станция Астра 8 С 1000                                       со скидкой;шт.;1;112 500;95 625;Астра;;8;;С;1000;Астра;73125;19000;8500;13500;;1,5;1,16;2,5;5;2,6;3,6528;7,8216;;;;;8,0028;12,1716;600;
00-00000353;Станция Астра 8 П 1000                                       со скидкой;шт.;1;114 500;97 325;Астра;;8;;П;1000;Астра;74425;19000;8500;13500;;1,5;1,16;2,5;5;2,6;3,6528;7,8216;;;;;8,0028;12,1716;600;
00-00000354;Станция Астра 8 С 1500                                       со скидкой;шт.;1;125 000;106 250;Астра;;8;;С;1500;Астра;81250;22000;8500;13500;;1,5;1,16;3;5;2,6;4,2648;9,2056;;;;;9,4848;14,4256;800;
00-00000355;Станция Астра 8 П 1500                                       со скидкой;шт.;1;127 000;107 950;Астра;;8;;П;1500;Астра;82550;22000;8500;13500;;1,5;1,16;3;5;2,6;4,2648;9,2056;;;;;9,4848;14,4256;800;
00-00000356;Станция Астра 9 С 850                                       со скидкой;шт.;1;114 400;97 240;Астра;;9;;С;850;Астра;74360;20500;9500;14500;;1,7;1,16;2,36;5;3;3,73264;7,89008;;;;;8,38656;12,544;500;
00-00001957;Станция Астра 9 П 850                                       со скидкой;шт.;1;117 900;100 215;Астра;;9;;П;850;Астра;76635;20500;9500;14500;;1,7;1,16;2,36;5;3;3,73264;7,89008;;;;;8,38656;12,544;500;
00-00000357;Станция Астра 9 С 1000                                       со скидкой;шт.;1;117 000;99 450;Астра;;9;;С;1000;Астра;76050;20500;9500;14500;;1,7;1,16;2,5;5;3;3,9152;8,3;;;;;8,8452;13,23;600;
00-00001958;Станция Астра 9 П 1000                                       со скидкой;шт.;1;120 500;102 425;Астра;;9;;П;1000;Астра;78325;20500;9500;14500;;1,7;1,16;2,5;5;3;3,9152;8,3;;;;;8,8452;13,23;600;
00-00000358;Станция Астра 9 С 1500                                       со скидкой;шт.;1;130 500;110 925;Астра;;9;;С;1500;Астра;84825;23500;9500;14500;;1,7;1,16;3;5;3;4,5672;9,764;;;;;10,4832;15,68;800;
00-00001959;Станция Астра 9 П 1500                                       со скидкой;шт.;1;133 500;113 475;Астра;;9;;П;1500;Астра;86775;23500;9500;14500;;1,7;1,16;3;5;3;4,5672;9,764;;;;;10,4832;15,68;800;
00-00000359;Станция Астра 10 С 850                                       со скидкой;шт.;1;141 700;120 445;Астра;;10;;С;850;Астра;92105;22000;9500;14500;;2;1,16;2,36;6;3,5;4,10944;8,57408;;;;;9,58464;14,04928;500;
00-00000360;Станция Астра 10 П 850                                       со скидкой;шт.;1;145 200;123 420;Астра;;10;;П;850;Астра;94380;22000;9500;14500;;2;1,16;2,36;6;3,5;4,10944;8,57408;;;;;9,58464;14,04928;500;
00-00000361;Станция Астра 10 С 1000                                       со скидкой;шт.;1;143 700;122 145;Астра;;10;;С;1000;Астра;93405;22000;9500;14500;;2;1,16;2,5;6;3,5;4,3088;9,0176;;;;;10,1088;14,8176;600;
00-00000362;Станция Астра 10 П 1000                                       со скидкой;шт.;1;147 200;125 120;Астра;;10;;П;1000;Астра;95680;22000;9500;14500;;2;1,16;2,5;6;3,5;4,3088;9,0176;;;;;10,1088;14,8176;600;
00-00000363;Станция Астра 10 С 1500                                       со скидкой;шт.;1;161 100;136 935;Астра;;10;;С;1500;Астра;104715;25000;9500;14500;;2;1,16;3;6;3,5;5,0208;10,6016;;;;;11,9808;17,5616;800;
00-00000364;Станция Астра 10 П 1500                                       со скидкой;шт.;1;164 600;139 910;Астра;;10;;П;1500;Астра;106990;25000;9500;14500;;2;1,16;3;6;3,5;5,0208;10,6016;;;;;11,9808;17,5616;800;
00-00000436;Станция БиоПурит 3 С 630                                      со скидкой;шт.;1;72 990;62 990;БиоПурит;;3;;С;630;БиоПурит;51093;14000;7500;12500;;1,2;1,2;1,75;4;1,3;3,012796628;5,820796628;;;;;4,992;7,8;500;
00-00000437;Станция БиоПурит 5 С 630                                      со скидкой;шт.;1;82 990;69 990;БиоПурит;;5;;С;630;БиоПурит;58093;16000;7500;12500;;1,2;1,2;2,25;4;1,8;3,727309951;7,255309951;;;;;6,272;9,8;500;
00-00000438;Станция БиоПурит 5 С 1130                                      со скидкой;шт.;1;98 990;80 990;БиоПурит;;5;;С;1130;БиоПурит;69293;17000;7500;12500;;1,2;1,2;2,75;4;1,8;4,441823273;8,689823273;;;;;7,552;11,8;600;
00-00000439;Станция БиоПурит 8 С 630                                      со скидкой;шт.;1;99 990;81 990;БиоПурит;;8;;С;630;БиоПурит;69993;18000;8500;13500;;1,6;1,6;2,25;5;3,3;5,276106579;9,588106579;;;;;9,8;14,112;500;
00-00000465;Станция БиоПурит 8 С 1130                                      со скидкой;шт.;1;122 990;97 990;БиоПурит;;8;;С;1130;БиоПурит;86093;19000;8500;13500;;1,6;1,6;2,75;5;3,3;6,27079693;11,46279693;;;;;11,8;16,992;600;
00-00000441;Станция БиоПурит 3 С 630 ВШУ                                     со скидкой;шт.;1;78 990;68 990;БиоПурит;;3;;С;630;БиоПурит;55293;14000;7500;12500;;1,2;1,2;1,75;4;1,3;3,012796628;5,820796628;;;;;4,992;7,8;500;
00-00000442;Станция БиоПурит 5 С 630 ВШУ                                     со скидкой;шт.;1;88 990;75 990;БиоПурит;;5;;С;630;БиоПурит;62293;16000;7500;12500;;1,2;1,2;2,25;4;1,8;3,727309951;7,255309951;;;;;6,272;9,8;500;
00-00000443;Станция БиоПурит 5 С 1130 ВШУ                                     со скидкой;шт.;1;104 990;86 990;БиоПурит;;5;;С;1130;БиоПурит;73493;17000;7500;12500;;1,2;1,2;2,75;4;1,8;4,441823273;8,689823273;;;;;7,552;11,8;600;
00-00000444;Станция БиоПурит 8 С 630 ВШУ                                     со скидкой;шт.;1;105 990;87 990;БиоПурит;;8;;С;630;БиоПурит;74193;18000;8500;13500;;1,6;1,6;2,25;5;3,3;5,276106579;9,588106579;;;;;9,8;14,112;500;
00-00000445;Станция БиоПурит 8 С 1130 ВШУ                                     со скидкой;шт.;1;128 990;103 990;БиоПурит;;8;;С;1130;БиоПурит;90293;19000;8500;13500;;1,6;1,6;2,75;5;3,3;6,27079693;11,46279693;;;;;11,8;16,992;600;
00-00001960;Станция Евробион Русин 4 С 600;шт.;1;73000;65 700;Евробион Русин;;4;;С;600;ЕвроБион;48180;15000;7500;12500;;1;1;2,38;3;1,4;3,187552371;6,489952371;;;;;5,0568;8,3592;500;
00-00001961;Станция Евробион Русин 4 П 600;шт.;1;80000;72 000;Евробион Русин;;4;;П;600;ЕвроБион;52800;15000;7500;12500;;1;1;2,38;3;1,4;3,187552371;6,489952371;;;;;5,0568;8,3592;500;
00-00000475;Станция Евробион Русин 5 С 600;шт.;1;76 000;68 400;Евробион Русин;;5;;С;600;ЕвроБион;50160;16000;7500;12500;;1,08;1,08;2,36;3;1,6;3,445455334;6,886095334;;;;;5,607424;9,048064;500;
00-00000476;Станция Евробион Русин 5 П 600;шт.;1;83 000;74 700;Евробион Русин;;5;;П;600;ЕвроБион;54780;16000;7500;12500;;1,08;1,08;2,36;3;1,6;3,445455334;6,886095334;;;;;5,607424;9,048064;500;
00-00000477;Станция Евробион АРТ 4 С 600;шт.;1;82 000;73 800;Евробион АРТ;;4;;С;600;ЕвроБион;54120;15000;7500;12500;;1;1;2,38;3;1,4;3,187552371;6,489952371;;;;;5,0568;8,3592;500;
00-00000478;Станция Евробион АРТ 5 С 600;шт.;1;85 000;76 500;Евробион АРТ;;5;;С;600;ЕвроБион;56100;16000;7500;12500;;1,08;1,08;2,38;3;1,6;3,470941566;6,938461566;;;;;5,651232;9,118752;500;
00-00000479;Станция Евробион АРТ 5 П 600;шт.;1;91 000;81 900;Евробион АРТ;;5;;П;600;ЕвроБион;60060;16000;7500;12500;;1,08;1,08;2,38;3;1,6;3,470941566;6,938461566;;;;;5,651232;9,118752;500;
00-00000480;Станция Евробион АРТ 5 С 900;шт.;1;91 700;82 530;Евробион АРТ;;5;;С;900;ЕвроБион;60522;17000;7500;12500;;1,08;1,08;2,68;3;1,6;3,85323504;7,72395504;;;;;6,308352;10,179072;500;
00-00000481;Станция Евробион АРТ 5 П 900;шт.;1;97 700;87 930;Евробион АРТ;;5;;П;900;ЕвроБион;64482;17000;7500;12500;;1,08;1,08;2,68;3;1,6;3,85323504;7,72395504;;;;;6,308352;10,179072;500;
00-00000482;Станция Евробион АРТ 5 С 1200;шт.;1;106 000;95 400;Евробион АРТ;;5;;С;1200;ЕвроБион;69960;17000;7500;12500;;1,08;1,08;3;3;1,6;4,261014747;8,561814747;;;;;7,00928;11,31008;600;
00-00000483;Станция Евробион АРТ 5 П 1200;шт.;1;112 000;100 800;Евробион АРТ;;5;;П;1200;ЕвроБион;73920;17000;7500;12500;;1,08;1,08;3;3;1,6;4,261014747;8,561814747;;;;;7,00928;11,31008;600;
00-00000484;Станция Евробион АРТ 5 С 1600;шт.;1;118 000;106 200;Евробион АРТ;;5;;С;1600;ЕвроБион;77880;20000;7500;12500;;1,08;1,08;3,38;3;1,6;4,745253148;9,556773148;;;;;7,841632;12,653152;800;
00-00000485;Станция Евробион АРТ 5 П 1600;шт.;1;124 000;111 600;Евробион АРТ;;5;;П;1600;ЕвроБион;81840;20000;7500;12500;;1,08;1,08;3,38;3;1,6;4,745253148;9,556773148;;;;;7,841632;12,653152;800;
00-00000486;Станция Евробион АРТ 8 С 600;шт.;1;115 000;103 500;Евробион АРТ;;8;;С;600;ЕвроБион;75900;18000;8500;13500;;1,35;1,35;2,38;4;2,5;4,494546196;8,519346196;;;;;7,90125;11,92605;500;
00-00000487;Станция Евробион АРТ 8 П 600;шт.;1;121 000;108 900;Евробион АРТ;;8;;П;600;ЕвроБион;79860;18000;8500;13500;;1,35;1,35;2,38;4;2,5;4,494546196;8,519346196;;;;;7,90125;11,92605;500;
00-00000488;Станция Евробион АРТ 8 С 900;шт.;1;121 000;108 900;Евробион АРТ;;8;;С;900;ЕвроБион;79860;19000;8500;13500;;1,35;1,35;2,68;4;2,5;4,983879751;9,476679751;;;;;8,82;13,3128;500;
00-00000489;Станция Евробион АРТ 8 П 900;шт.;1;127 000;114 300;Евробион АРТ;;8;;П;900;ЕвроБион;83820;19000;8500;13500;;1,35;1,35;2,68;4;2,5;4,983879751;9,476679751;;;;;8,82;13,3128;500;
00-00000490;Станция Евробион АРТ 8 С 1200;шт.;1;130 000;117 000;Евробион АРТ;;8;;С;1200;ЕвроБион;85800;19000;8500;13500;;1,35;1,35;3;4;2,6;5,505835542;10,49783554;;;;;9,8;14,792;600;
00-00000491;Станция Евробион АРТ 8 П 1200;шт.;1;136 000;122 400;Евробион АРТ;;8;;П;1200;ЕвроБион;89760;19000;8500;13500;;1,35;1,35;3;4;2,6;5,505835542;10,49783554;;;;;9,8;14,792;600;
00-00000492;Станция Евробион АРТ 8 С 1600;шт.;1;155 000;139 500;Евробион АРТ;;8;;С;1600;ЕвроБион;102300;22000;8500;13500;;1,35;1,35;3,38;4;2,5;6,125658044;11,71045804;;;;;10,96375;16,54855;800;
00-00000493;Станция Евробион АРТ 8 П 1600;шт.;1;161 000;144 900;Евробион АРТ;;8;;П;1600;ЕвроБион;106260;22000;8500;13500;;1,35;1,35;3,38;4;2,5;6,125658044;11,71045804;;;;;10,96375;16,54855;800;
00-00000494;Станция Евробион АРТ 10 С 600;шт.;1;143 000;128 700;Евробион АРТ;;10;;С;600;ЕвроБион;94380;21000;9500;14500;;2;1,75;2,38;6;5,6;5,835809484;10,94420948;;;;;13,3128;18,4212;500;
00-00000495;Станция Евробион АРТ 10 П 600;шт.;1;149 000;134 100;Евробион АРТ;;10;;П;600;ЕвроБион;98340;21000;9500;14500;;2;1,75;2,38;6;5,6;5,835809484;10,94420948;;;;;13,3128;18,4212;500;
00-00000496;Станция Евробион АРТ 10 С 750;шт.;1;150 000;135 000;Евробион АРТ;;10;;С;750;ЕвроБион;99000;21000;9500;14500;;2;1,75;2,55;6;5,7;6,178938733;11,62393873;;;;;14,19;19,635;500;
00-00000497;Станция Евробион АРТ 10 П 750;шт.;1;156 000;140 400;Евробион АРТ;;10;;П;750;ЕвроБион;102960;21000;9500;14500;;2;1,75;2,55;6;5,7;6,178938733;11,62393873;;;;;14,19;19,635;500;
00-00000498;Станция Евробион АРТ 10 С 1200;шт.;1;162 500;146 250;Евробион АРТ;;10;;С;1200;ЕвроБион;107250;22000;9500;14500;;2;1,75;3,05;6;5,8;7,188142407;13,62314241;;;;;16,77;23,205;600;
00-00000499;Станция Евробион АРТ 10 П 1200;шт.;1;168 500;151 650;Евробион АРТ;;10;;П;1200;ЕвроБион;111210;22000;9500;14500;;2;1,75;3,05;6;5,8;7,188142407;13,62314241;;;;;16,77;23,205;600;
00-00000500;Станция Евробион АРТ 15 С 600;шт.;1;172 000;154 800;Евробион АРТ;;15;;С;600;ЕвроБион;113520;24000;10500;15500;;1,93;1,93;2,39;6;5,2;7,068835211;12,31099521;;;;;14,060851;19,303011;500;
00-00000501;Станция Евробион АРТ 15 П 600;шт.;1;178 000;160 200;Евробион АРТ;;15;;П;600;ЕвроБион;117480;24000;10500;15500;;1,93;1,93;2,39;6;5,2;7,068835211;12,31099521;;;;;14,060851;19,303011;500;
00-00000502;Станция Евробион АРТ 15 С 750;шт.;1;178 800;160 920;Евробион АРТ;;15;;С;750;ЕвроБион;118008;24000;10500;15500;;1,93;1,93;2,56;6;5,3;7,494408176;13,08064818;;;;;14,983764;20,570004;500;
00-00000503;Станция Евробион АРТ 15 П 750;шт.;1;184 800;166 320;Евробион АРТ;;15;;П;750;ЕвроБион;121968;24000;10500;15500;;1,93;1,93;2,56;6;5,3;7,494408176;13,08064818;;;;;14,983764;20,570004;500;
00-00000504;Станция Евробион АРТ 15 С 1200;шт.;1;196 300;176 670;Евробион АРТ;;15;;С;1200;ЕвроБион;129558;25000;10500;15500;;1,93;1,93;3,06;6;5,4;8,746093366;15,34433337;;;;;17,698214;24,296454;600;
00-00000505;Станция Евробион АРТ 15 П 1200;шт.;1;202 300;182 070;Евробион АРТ;;15;;П;1200;ЕвроБион;133518;25000;10500;15500;;1,93;1,93;3,06;6;5,4;8,746093366;15,34433337;;;;;17,698214;24,296454;600;
00-00001962;Станция Евролос БИО 3;шт.;1;57 000;57 000;Евролос БИО;;3;;;510;ЕвроЛос;39900;14000;7500;12500;;1,4;1,4;1,8;4;2;3,70911528;6,90911528;;;;;6,48;9,68;500;
00-00001963;Станция Евролос БИО 3+ (пр);шт.;1;64 000;64 000;Евролос БИО;;3;;+ (пр);510;ЕвроЛос;44800;14000;7500;12500;;1,4;1,4;1,8;4;2;3,70911528;6,90911528;;;;;6,48;9,68;500;
00-00001964;Станция Евролос БИО 4;шт.;1;62 000;62 000;Евролос БИО;;4;;;510;ЕвроЛос;43400;16000;7500;12500;;1,4;1,4;1,9;4;2,1;3,87917724;7,23917724;;;;;6,804;10,164;500;
00-00001965;Станция Евролос БИО 4+ (пр);шт.;1;69 000;69 000;Евролос БИО;;4;;+ (пр);510;ЕвроЛос;48300;16000;7500;12500;;1,4;1,4;1,9;4;2,1;3,87917724;7,23917724;;;;;6,804;10,164;500;
#Н/Д;Станция Евролос БИО 4+ (пр) с доп. горловиной 40см;шт.;1;74 500;74 500;Евролос БИО;;4;;+ (пр) с доп. горловиной 40см;910;ЕвроЛос с горл;52150;17000;7500;12500;;1,4;1,4;2,3;4;2,1;4,559425079;8,559425079;497,3918268;10;933,7554632;19;8,1;12,1;500;
00-00001966;Станция Евролос БИО 5;шт.;1;68 000;68 000;Евролос БИО;;5;;;510;ЕвроЛос;47600;16000;7500;12500;;1,4;1,4;2;4;2,3;4,049239199;7,569239199;;;;;7,128;10,648;500;
00-00001967;Станция Евролос БИО 5+ (пр);шт.;1;74 000;74 000;Евролос БИО;;5;;+ (пр);510;ЕвроЛос;51800;16000;7500;12500;;1,4;1,4;2;4;2,3;4,049239199;7,569239199;;;;;7,128;10,648;500;
#Н/Д;Станция Евролос БИО 5+ (пр) с доп. горловиной 40см;шт.;1;79 500;79 500;Евролос БИО;;5;;+ (пр) с доп. горловиной 40см;910;ЕвроЛос с горл;55650;17000;7500;12500;;1,4;1,4;2,4;4;2,3;4,729487039;8,889487039;515,9440407;11;969,7622225;20;8,424;12,584;500;
00-00001968;Станция Евролос БИО 6;шт.;1;76 000;76 000;Евролос БИО;;6;;;510;ЕвроЛос;53200;17000;7500;12500;;1,6;1,6;2;5;3;4,778761403;8,650761403;;;;;8,8;12,672;500;
00-00001969;Станция Евролос БИО 6+ (пр);шт.;1;82 000;82 000;Евролос БИО;;6;;+ (пр);510;ЕвроЛос;57400;17000;7500;12500;;1,6;1,6;2;5;3;4,778761403;8,650761403;;;;;8,8;12,672;500;
#Н/Д;Станция Евролос БИО 6+ (пр) с доп. горловиной 40см;шт.;1;87 500;87 500;Евролос БИО;;6;;+ (пр) с доп. горловиной 40см;910;ЕвроЛос с горл;61250;18000;7500;12500;;1,6;1,6;2,4;5;3;5,574513684;10,15051368;608,1287655;13;1107,328766;23;10,4;14,976;500;
00-00001970;Станция Евролос БИО 8;шт.;1;94 000;94 000;Евролос БИО;;8;;;510;ЕвроЛос;65800;18000;8500;13500;;1,8;1,8;2;5;3,8;5,558619901;9,782619901;;;;;10,648;14,872;500;
00-00001971;Станция Евролос БИО 8+ (пр);шт.;1;97 000;97 000;Евролос БИО;;8;;+ (пр);510;ЕвроЛос;67900;18000;8500;13500;;1,8;1,8;2;5;3,8;5,558619901;9,782619901;;;;;10,648;14,872;500;
#Н/Д;Станция Евролос БИО 8+ (пр) с доп. горловиной 40см;шт.;1;102 500;102 500;Евролос БИО;;8;;+ (пр) с доп. горловиной 40см;910;ЕвроЛос с горл;71750;19000;8500;13500;;1,8;1,8;2,4;5;3,8;6,476743881;11,46874388;706,553878;15;1251,135696;26;12,584;17,576;500;
00-00001972;Станция Евролос БИО 10;шт.;1;116 000;116 000;Евролос БИО;;10;;;510;ЕвроЛос;81200;21000;9500;14500;;2;2;2;6;4,7;6,388814693;10,96481469;;;;;12,672;17,248;500;
00-00001973;Станция Евролос БИО 10+ (пр);шт.;1;125 000;125 000;Евролос БИО;;10;;+ (пр);510;ЕвроЛос;87500;21000;9500;14500;;2;2;2;6;4,7;6,388814693;10,96481469;;;;;12,672;17,248;500;
00-00001974;Станция Евролос БИО 12;шт.;1;129 000;129 000;Евролос БИО;;12;;;510;ЕвроЛос;90300;22000;10000;15000;;2;2;2,25;6;5,5;7,043416529;12,13941653;;;;;14,112;19,208;500;
00-00001975;Станция Евролос БИО 12+ (пр);шт.;1;136 000;136 000;Евролос БИО;;12;;+ (пр);510;ЕвроЛос;95200;22000;10000;15000;;2;2;2,25;6;5,5;7,043416529;12,13941653;;;;;14,112;19,208;500;
#Н/Д;Станция Евролос БИО 12+ (пр) с доп. горловиной 40см;шт.;1;141 500;141 500;Евролос БИО;;12;;+ (пр) с доп. горловиной 40см;910;ЕвроЛос с горл;99050;23000;10000;15000;;2;2;2,65;6;5,5;8,090779468;14,01877947;882,6304874;18;1529,321397;31;16,416;22,344;500;
00-00001976;Станция Евролос БИО 15;шт.;1;146 000;146 000;Евролос БИО;;15;;;510;ЕвроЛос;102200;24000;10500;15500;;2;2;2,7;6;6,9;8,221699835;14,25369984;;;;;16,704;22,736;500;
00-00001977;Станция Евролос БИО 15+ (пр);шт.;1;155 000;155 000;Евролос БИО;;15;;+ (пр);510;ЕвроЛос;108500;24000;10500;15500;;2;2;2,7;6;6,9;8,221699835;14,25369984;;;;;16,704;22,736;500;
00-00000446;Станция Коло Веси 3  600                                       со скидкой;шт.;1;109 800;104 310;Коло Веси;;3;;;600;Коло Веси;54900;14000;7500;12500;;1;1;2,18;3;1,2;2,952632004;5,999032004;221,4474003;5;449,9274003;9;4,6648;7,7112;500;
00-00000447;Станция Коло Веси 3  600 НК                                      со скидкой;шт.;1;119 900;113 905;Коло Веси;;3;;;600;Коло Веси;59950;14000;7500;12500;;1,4;1,4;1,68;4;1,7;3,505040928;6,513040928;262,8780696;6;488,4780696;10;6,0912;9,0992;500;
00-00000453;Станция Коло Веси 3  900                                       со скидкой;шт.;1;116 800;110 960;Коло Веси;;3;;;900;Коло Веси;58400;15000;7500;12500;;1;1;2,48;3;1,2;3,305012555;6,735412555;247,8759416;5;505,1559416;11;5,2528;8,6832;500;
00-00000457;Станция Коло Веси 3  1200                                       со скидкой;шт.;1;119 800;113 810;Коло Веси;;3;;;1200;Коло Веси;59900;17000;7500;12500;;1;1;2,78;3;1,2;3,657393106;7,471793106;274,3044829;6;560,3844829;12;5,8408;9,6552;600;
00-00000448;Станция Коло Веси 5  600                                       со скидкой;шт.;1;129 900;123 405;Коло Веси;;5;;;600;Коло Веси;64950;16000;7500;12500;;1,3;1,3;2,18;4;2,1;3,984636086;7,602236086;298,8477065;6;570,1677065;12;6,8782;10,4958;500;
00-00000449;Станция Коло Веси 5  600 НК                                      со скидкой;шт.;1;134 900;128 155;Коло Веси;;5;;;600;Коло Веси;67450;16000;7500;12500;;1,7;1,7;1,68;5;2,5;4,477534837;7,936734837;335,8151128;7;595,2551128;12;8,2908;11,75;500;
00-00000454;Станция Коло Веси 5  900                                       со скидкой;шт.;1;136 900;130 055;Коло Веси;;5;;;900;Коло Веси;68450;17000;7500;12500;;1,3;1,3;2,48;4;2,1;4,453439218;8,527039218;334,0079413;7;639,5279413;13;7,7452;11,8188;500;
00-00000458;Станция Коло Веси 5  1200                                       со скидкой;шт.;1;140 400;133 380;Коло Веси;;5;;;1200;Коло Веси;70200;19000;7500;12500;;1,3;1,3;2,78;4;2,1;4,922242349;9,451842349;369,1681762;8;708,8881762;15;8,6122;13,1418;600;
00-00000450;Станция Коло Веси 8  600                                       со скидкой;шт.;1;139 900;132 905;Коло Веси;;8;;;600;Коло Веси;69950;18000;8500;13500;;1,5;1,5;2,18;4;2,8;4,739422009;8,737822009;355,4566506;8;655,3366506;14;8,5918;12,5902;500;
00-00000451;Станция Коло Веси 8  600 НК                                      со скидкой;шт.;1;144 900;137 655;Коло Веси;;8;;;600;Коло Веси;72450;18000;8500;13500;;1,9;1,9;1,68;5;3,1;5,181917219;8,941917219;388,6437914;8;670,6437914;14;9,9452;13,7052;500;
00-00000455;Станция Коло Веси 8  900                                       со скидкой;шт.;1;146 900;139 555;Коло Веси;;8;;;900;Коло Веси;73450;19000;8500;13500;;1,5;1,5;2,48;4;2,8;5,292278248;9,794678248;396,9208686;8;734,6008686;15;9,6748;14,1772;500;
00-00000459;Станция Коло Веси 8  1200                                       со скидкой;шт.;1;149 700;142 215;Коло Веси;;8;;;1200;Коло Веси;74850;21000;8500;13500;;1,5;1,5;2,78;4;2,8;5,845134488;10,85153449;438,3850866;9;813,8650866;17;10,7578;15,7642;600;
00-00000452;Станция Коло Веси 10  600                                       со скидкой;шт.;1;149 900;142 405;Коло Веси;;10;;;600;Коло Веси;74950;21000;9500;14500;;1,7;1,7;2,18;5;3,6;5,547634491;9,926834491;416,0725868;9;744,5125868;15;10,4958;14,875;500;
00-00000456;Станция Коло Веси 10  900                                       со скидкой;шт.;1;156 900;149 055;Коло Веси;;10;;;900;Коло Веси;78450;22000;9500;14500;;1,7;1,7;2,48;5;3,6;6,189694283;11,12089428;464,2270712;10;834,0670712;17;11,8188;16,75;500;
00-00000460;Станция Коло Веси 10  1200                                       со скидкой;шт.;1;159 800;151 810;Коло Веси;;10;;;1200;Коло Веси;79900;24000;9500;14500;;1,7;1,7;2,78;5;3,6;6,831754076;12,31495408;512,3815557;11;923,6215557;19;13,1418;18,625;600;
00-00000461;Станция Коло Веси 15  600                                       со скидкой;шт.;1;199 600;189 620;Коло Веси;;15;;;600;Коло Веси;99800;24000;10500;15500;;2;2;2,18;6;5;6,860128015;11,81052802;514,5096011;11;885,7896011;18;13,7088;18,6592;500;
00-00000462;Станция Коло Веси 20  600                                       со скидкой;шт.;1;249 000;236 550;Коло Веси;;20;;;600;Коло Веси;124500;26000;11500;16500;;2;2;2,68;6;6,5;8,169331688;14,15973169;612,6998766;13;1061,979877;22;16,5888;22,5792;500;
00-00001978;Станция Тверь-0,35П (2 С 320);шт.;1;64 900;64 900;Тверь-;0,35;2;;;320;Тверь до 1м3;53218;14000;7500;12500;;1,4;1,1;1,67;5;1,6632;2,32936;4,88752;;;;;4,2636;6,82176;500;0,14
00-00001979;Станция Тверь-0,35ПН (2 П 320);шт.;1;71 100;71 100;Тверь-;0,35;2;;Н;320;Тверь до 1м3;58302;14000;7500;12500;;1,8;1,1;1,67;5;2,2572;2,76056;5,61792;;;;;5,3856;8,24296;500;0,14
00-00001980;Станция Тверь-0,5П (3 С 320);шт.;1;72 000;72 000;Тверь-;0,5;3;;;320;Тверь до 1м3;59040;14000;7500;12500;;1,65;1,1;1,67;5;2,03445;2,59886;5,34402;;;;;4,96485;7,71001;500;0,14
00-00001981;Станция Тверь-0,5ПН (3 П 320);шт.;1;79 900;79 900;Тверь-;0,5;3;;Н;320;Тверь до 1м3;65518;14000;7500;12500;;2,1;1,1;1,67;6;2,7027;3,08396;6,16572;;;;;6,2271;9,30886;500;0,14
00-00001982;Станция Тверь-0,5ПМ (3 С 620);шт.;1;83 900;83 900;Тверь-;0,5;3;;;620;Тверь до 1м3;68798;15000;7500;12500;;1,65;1,1;1,97;5;2,03445;2,94326;6,12882;;;;;5,76135;8,94691;500;0,14
00-00001983;Станция Тверь-0,5ПНМ (3 П 620);шт.;1;92 000;92 000;Тверь-;0,5;3;;Н;620;Тверь до 1м3;75440;15000;7500;12500;;2,1;1,1;1,97;6;2,7027;3,48236;7,05852;;;;;7,2261;10,80226;500;0,14
00-00001984;Станция Тверь-0,5НП (3 С 1020);шт.;1;79 900;79 900;Тверь-;0,5;3;Н;;1020;Тверь до 1м3;65518;14000;9500;14500;;2,1;1,1;1,67;6;2,7027;3,08396;6,16572;;;;;6,2271;9,30886;500;0,14
00-00001985;Станция Тверь-0,5НПМ (3 С 1320);шт.;1;92 000;92 000;Тверь-;0,5;3;Н;;1320;Тверь до 1м3;75440;15000;9500;14500;;2,1;1,1;1,97;6;2,7027;3,48236;7,05852;;;;;7,2261;10,80226;700;0,14
00-00001986;Станция Тверь-0,5НПН (3 П 1020);шт.;1;87 800;87 800;Тверь-;0,5;3;Н;Н;1020;Тверь до 1м3;71996;14000;9500;14500;;2,5;1,1;1,67;6;3,2967;3,51516;6,89612;;;;;7,3491;10,73006;500;0,14
00-00001987;Станция Тверь-0,5НПНМ (3 П 1320);шт.;1;100 100;100 100;Тверь-;0,5;3;Н;Н;1320;Тверь до 1м3;82082;15000;9500;14500;;2,5;1,1;1,97;6;3,2967;3,96156;7,88492;;;;;8,5281;12,45146;700;0,14
00-00001988;Станция Тверь-0,75П (4 С 320);шт.;1;82 900;82 900;Тверь-;0,75;4;;;320;Тверь до 1м3;67978;14000;7500;12500;;1,9;1,1;1,67;5;2,376;2,8468;5,764;;;;;5,61;8,5272;500;0,15
00-00001989;Станция Тверь-0,75ПН (4 П 320);шт.;1;92 300;92 300;Тверь-;0,75;4;;Н;320;Тверь до 1м3;75686;14000;7500;12500;;2,3;1,1;1,67;6;2,97;3,278;6,4944;;;;;6,732;9,9484;500;0,15
00-00001990;Станция Тверь-0,75ПМ (4 С 620);шт.;1;99 300;99 300;Тверь-;0,75;4;;;620;Тверь до 1м3;81426;15000;7500;12500;;1,9;1,1;1,97;5;2,376;3,2188;6,604;;;;;6,51;9,8952;500;0,15
00-00001991;Станция Тверь-0,75ПНМ (4 П 620);шт.;1;110 500;110 500;Тверь-;0,75;4;;Н;620;Тверь до 1м3;90610;15000;7500;12500;;2,3;1,1;1,97;6;2,97;3,698;7,4304;;;;;7,812;11,5444;500;0,15
00-00001992;Станция Тверь-0,75НП (4 С 1020);шт.;1;92 300;92 300;Тверь-;0,75;4;Н;;1020;Тверь до 1м3;75686;14000;9500;14500;;2,3;1,1;1,67;6;2,97;3,278;6,4944;;;;;6,732;9,9484;500;0,15
00-00001993;Станция Тверь-0,75НПМ (4 С 1320);шт.;1;110 500;110 500;Тверь-;0,75;4;Н;;1320;Тверь до 1м3;90610;15000;9500;14500;;2,3;1,1;1,97;6;2,97;3,698;7,4304;;;;;7,812;11,5444;700;0,15
00-00001994;Станция Тверь-0,75НПН (4 П 1020);шт.;1;101 700;101 700;Тверь-;0,75;4;Н;Н;1020;Тверь до 1м3;83394;14000;9500;14500;;2,7;1,1;1,67;7;3,564;3,7092;7,2248;;;;;7,854;11,3696;500;0,15
00-00001995;Станция Тверь-0,75НПНМ (4 П 1320);шт.;1;120 000;120 000;Тверь-;0,75;4;Н;Н;1320;Тверь до 1м3;98400;15000;9500;14500;;2,7;1,1;1,97;7;3,564;4,1772;8,2568;;;;;9,114;13,1936;700;0,15
00-00001996;Станция Тверь-0,85П (5 С 320);шт.;1;89 800;89 800;Тверь-;0,85;5;;;320;Тверь до 1м3;73636;16000;7500;12500;;2,15;1,1;1,67;6;2,74725;3,1163;6,2205;;;;;6,31125;9,41545;500;0,15
00-00001997;Станция Тверь-0,85ПН (5 П 320);шт.;1;99 200;99 200;Тверь-;0,85;5;;Н;320;Тверь до 1м3;81344;16000;7500;12500;;2,6;1,1;1,67;7;3,4155;3,6014;7,0422;;;;;7,5735;11,0143;500;0,15
00-00001998;Станция Тверь-0,85ПМ (5 С 620);шт.;1;110 900;110 900;Тверь-;0,85;5;;;620;Тверь до 1м3;90938;17000;7500;12500;;2,15;1,1;1,97;6;2,74725;3,5183;7,1205;;;;;7,32375;10,92595;500;0,15
00-00001999;Станция Тверь-0,85ПНМ (5 П 620);шт.;1;121 900;121 900;Тверь-;0,85;5;;Н;620;Тверь до 1м3;99958;17000;7500;12500;;2,6;1,1;1,97;7;3,4155;4,0574;8,0502;;;;;8,7885;12,7813;500;0,15
00-00002000;Станция Тверь-0,85НП (5 С 1020);шт.;1;99 200;99 200;Тверь-;0,85;5;Н;;1020;Тверь до 1м3;81344;16000;9500;14500;;2,6;1,1;1,67;7;3,4155;3,6014;7,0422;;;;;7,5735;11,0143;500;0,15
00-00002001;Станция Тверь-0,85НПМ (5 С 1320);шт.;1;121 900;121 900;Тверь-;0,85;5;Н;;1320;Тверь до 1м3;99958;17000;9500;14500;;2,6;1,1;1,97;7;3,4155;4,0574;8,0502;;;;;8,7885;12,7813;700;0,15
00-00002002;Станция Тверь-0,85НПН (5 П 1020);шт.;1;109 700;109 700;Тверь-;0,85;5;Н;Н;1020;Тверь до 1м3;89954;16000;9500;14500;;3;1,1;1,67;7;4,0095;4,0326;7,7726;;;;;8,6955;12,4355;500;0,15
#Н/Д;Станция Тверь-0,85НПН +0,2м (5 П 1220);шт.;1;115 700;115 700;Тверь-;0,85;5;Н;Н;1220;Тверь до 1м3;94874;16500;9500;14500;;3;1,1;1,87;7;4,0095;4,3686;8,5086;;;;;9,6255;13,7655;600;0,15
00-00002003;Станция Тверь-0,85НПНМ (5 П 1320);шт.;1;133 800;133 800;Тверь-;0,85;5;Н;Н;1320;Тверь до 1м3;109716;17000;9500;14500;;3;1,1;1,97;7;4,0095;4,5366;8,8766;;;;;10,0905;14,4305;700;0,15
00-00002004;Станция Тверь-1П (6 С 320);шт.;1;102 800;102 800;Тверь-;1;6;;;320;Тверь сверх 1 м3;79156;16000;7500;12500;;2,6;1,1;1,67;7;3,1185;3,6663;6,677;;;;;7,293;10,3037;500;0,25
00-00002005;Станция Тверь-1ПН (6 П 320);шт.;1;112 300;112 300;Тверь-;1;6;;Н;320;Тверь сверх 1 м3;86471;16000;7500;12500;;3;1,1;1,67;7;3,7125;4,0975;7,4074;;;;;8,415;11,7249;500;0,25
00-00002006;Станция Тверь-1ПМ (6 С 620);шт.;1;117 600;117 600;Тверь-;1;6;;;620;Тверь сверх 1 м3;90552;17000;7500;12500;;2,6;1,1;1,97;7;3,1185;4,1433;7,637;;;;;8,463;11,9567;500;0,25
00-00002007;Станция Тверь-1ПНМ (6 П 620);шт.;1;128 400;128 400;Тверь-;1;6;;Н;620;Тверь сверх 1 м3;98868;17000;7500;12500;;3;1,1;1,97;7;3,7125;4,6225;8,4634;;;;;9,765;13,6059;500;0,25
#Н/Д;Станция Тверь-1ПНМ +0,2м (6 П 820);шт.;1;134 400;134 400;Тверь-;1;6;;Н;820;Тверь сверх 1 м3;103488;17500;7500;12500;;3;1,1;2,17;7;3,7125;4,9725;9,1674;;;;;10,665;14,8599;500;0,25
00-00002008;Станция Тверь-1НП (6 С 1020);шт.;1;112 300;112 300;Тверь-;1;6;Н;;1020;Тверь сверх 1 м3;86471;16000;9500;14500;;3;1,1;1,67;7;3,7125;4,0975;7,4074;;;;;8,415;11,7249;500;0,25
00-00002009;Станция Тверь-1НПМ (6 С 1320);шт.;1;128 400;128 400;Тверь-;1;6;Н;;1320;Тверь сверх 1 м3;98868;17000;9500;14500;;3;1,1;1,97;7;3,7125;4,6225;8,4634;;;;;9,765;13,6059;700;0,25
00-00002010;Станция Тверь-1НПН (6 П 1020);шт.;1;121 800;121 800;Тверь-;1;6;Н;Н;1020;Тверь сверх 1 м3;93786;16000;9500;14500;;3,4;1,1;1,67;8;4,3065;4,5287;8,1378;;;;;9,537;13,1461;500;0,25
00-00002011;Станция Тверь-1НПНМ (6 П 1320);шт.;1;140 400;140 400;Тверь-;1;6;Н;Н;1320;Тверь сверх 1 м3;108108;17000;9500;14500;;3,4;1,1;1,97;8;4,3065;5,1017;9,2898;;;;;11,067;15,2551;700;0,25
00-00002012;Станция Тверь-1,2П (7 С 320);шт.;1;111 000;111 000;Тверь-;1,2;7;;;320;Тверь сверх 1 м3;85470;18000;8500;13500;;2,8;1,1;1,67;7;3,4155;3,8819;7,0422;;;;;7,854;11,0143;500;0,25
00-00002013;Станция Тверь-1,2ПН (7 П 320);шт.;1;121 000;121 000;Тверь-;1,2;7;;Н;320;Тверь сверх 1 м3;93170;18000;8500;13500;;3,2;1,1;1,67;8;4,0095;4,3131;7,7726;;;;;8,976;12,4355;500;0,25
00-00002014;Станция Тверь-1,2ПМ (7 С 620);шт.;1;127 000;127 000;Тверь-;1,2;7;;;620;Тверь сверх 1 м3;97790;19000;8500;13500;;2,8;1,1;1,97;7;3,4155;4,3829;8,0502;;;;;9,114;12,7813;500;0,25
00-00002015;Станция Тверь-1,2ПНМ (7 П 620);шт.;1;137 500;137 500;Тверь-;1,2;7;;Н;620;Тверь сверх 1 м3;105875;19000;8500;13500;;3,2;1,1;1,97;8;4,0095;4,8621;8,8766;;;;;10,416;14,4305;500;0,25
00-00002016;Станция Тверь-1,2НП (7 С 1020);шт.;1;121 000;121 000;Тверь-;1,2;7;Н;;1020;Тверь сверх 1 м3;93170;18000;10500;15500;;3,2;1,1;1,67;8;4,0095;4,3131;7,7726;;;;;8,976;12,4355;500;0,25
00-00002017;Станция Тверь-1,2НПМ (7 С 1320);шт.;1;137 500;137 500;Тверь-;1,2;7;Н;;1320;Тверь сверх 1 м3;105875;19000;10500;15500;;3,2;1,1;1,97;8;4,0095;4,8621;8,8766;;;;;10,416;14,4305;700;0,25
00-00002018;Станция Тверь-1,2НПН (7 П 1020);шт.;1;131 000;131 000;Тверь-;1,2;7;Н;Н;1020;Тверь сверх 1 м3;100870;18000;10500;15500;;3,6;1,1;1,67;8;4,6035;4,7443;8,503;;;;;10,098;13,8567;500;0,25
00-00002019;Станция Тверь-1,2НПНМ (7 П 1320);шт.;1;148 500;148 500;Тверь-;1,2;7;Н;Н;1320;Тверь сверх 1 м3;114345;19000;10500;15500;;3,6;1,1;1,97;8;4,6035;5,3413;9,703;;;;;11,718;16,0797;700;0,25
00-00002020;Станция Тверь-1,5П (9 С 320);шт.;1;125 000;125 000;Тверь-;1,5;9;;;320;Тверь сверх 1 м3;96250;19500;9500;14500;;3,4;1,1;1,67;8;4,3065;4,5287;8,1378;;;;;9,537;13,1461;500;0,25
00-00002021;Станция Тверь-1,5ПН (9 П 320);шт.;1;136 600;136 600;Тверь-;1,5;9;;Н;320;Тверь сверх 1 м3;105182;19500;9500;14500;;3,85;1,1;1,67;9;4,97475;5,0138;8,9595;;;;;10,79925;14,74495;500;0,25
00-00002022;Станция Тверь-1,5ПМ (9 С 620);шт.;1;143 600;143 600;Тверь-;1,5;9;;;620;Тверь сверх 1 м3;110572;20500;9500;14500;;3,4;1,1;1,97;8;4,3065;5,1017;9,2898;;;;;11,067;15,2551;500;0,25
00-00002023;Станция Тверь-1,5ПНМ (9 П 620);шт.;1;154 400;154 400;Тверь-;1,5;9;;Н;620;Тверь сверх 1 м3;118888;20500;9500;14500;;3,85;1,1;1,97;9;4,97475;5,6408;10,2195;;;;;12,53175;17,11045;500;0,25
00-00002024;Станция Тверь-1,5НП (9 С 1020);шт.;1;136 600;136 600;Тверь-;1,5;9;Н;;1020;Тверь сверх 1 м3;105182;19500;11500;16500;;3,85;1,1;1,67;9;4,97475;5,0138;8,9595;;;;;10,79925;14,74495;500;0,25
00-00002025;Станция Тверь-1,5НПМ (9 С 1320);шт.;1;154 400;154 400;Тверь-;1,5;9;Н;;1320;Тверь сверх 1 м3;118888;20500;11500;16500;;3,85;1,1;1,97;9;4,97475;5,6408;10,2195;;;;;12,53175;17,11045;700;0,25
00-00002026;Станция Тверь-1,5НПН (9 П 1020);шт.;1;148 200;148 200;Тверь-;1,5;9;Н;Н;1020;Тверь сверх 1 м3;114114;19500;11500;16500;;4,3;1,1;1,67;9;5,643;5,4989;9,7812;;;;;12,0615;16,3438;500;0,25
00-00002027;Станция Тверь-1,5НПНМ (9 П 1320);шт.;1;165 400;165 400;Тверь-;1,5;9;Н;Н;1320;Тверь сверх 1 м3;127358;20500;11500;16500;;4,3;1,1;1,97;9;5,643;6,1799;11,1492;;;;;13,9965;18,9658;700;0,25
00-00002028;Станция Тверь-2П (12 С 320);шт.;1;156 900;156 900;Тверь-;2;12;;;320;Тверь сверх 1 м3;120813;22000;10000;15000;;4;1,3;1,67;9;6,1425;5,5725;9,7426;;;;;12,716;16,8861;500;0,25
00-00002029;Станция Тверь-2ПН (12 П 320);шт.;1;168 100;168 100;Тверь-;2;12;;Н;320;Тверь сверх 1 м3;129437;22000;10000;15000;;4,5;1,3;1,67;10;7,02;6,1415;10,6856;;;;;14,3055;18,8496;500;0,25
00-00002030;Станция Тверь-2ПМ (12 С 620);шт.;1;167 600;167 600;Тверь-;2;12;;;620;Тверь сверх 1 м3;129052;23000;10000;15000;;4;1,3;1,97;9;6,1425;6,2475;11,0866;;;;;14,756;19,5951;500;0,25
00-00002031;Станция Тверь-2ПНМ (12 П 620);шт.;1;179 400;179 400;Тверь-;2;12;;Н;620;Тверь сверх 1 м3;138138;23000;10000;15000;;4,5;1,3;1,97;10;7,02;6,8765;12,1496;;;;;16,6005;21,8736;500;0,25
00-00002032;Станция Тверь-2НП (12 С 1020);шт.;1;168 100;168 100;Тверь-;2;12;Н;;1020;Тверь сверх 1 м3;129437;22000;12000;17000;;4,5;1,3;1,67;10;7,02;6,1415;10,6856;;;;;14,3055;18,8496;500;0,25
00-00002033;Станция Тверь-2НПМ (12 С 1320);шт.;1;179 400;179 400;Тверь-;2;12;Н;;1320;Тверь сверх 1 м3;138138;23000;12000;17000;;4,5;1,3;1,97;10;7,02;6,8765;12,1496;;;;;16,6005;21,8736;700;0,25
00-00002034;Станция Тверь-2НПН (12 П 1020);шт.;1;179 300;179 300;Тверь-;2;12;Н;Н;1020;Тверь сверх 1 м3;138061;22000;12000;17000;;4,85;1,3;1,67;11;7,63425;6,5398;11,3457;;;;;15,41815;20,22405;500;0,25
00-00002035;Станция Тверь-2НПНМ (12 П 1320);шт.;1;190 600;190 600;Тверь-;2;12;Н;Н;1320;Тверь сверх 1 м3;146762;23000;12000;17000;;4,85;1,3;1,97;11;7,63425;7,3168;12,8937;;;;;17,89165;23,46855;700;0,25
00-00002036;Станция Тверь-3П (18 С 320);шт.;1;176 900;176 900;Тверь-;3;18;;;320;Тверь сверх 1 м3;136213;25000;11000;16000;;4;1,6;1,67;10;7,56;6,168;10,5064;;;;;14,96;19,2984;500;0,25
00-00002037;Станция Тверь-3ПН (18 П 320);шт.;1;188 100;188 100;Тверь-;3;18;;Н;320;Тверь сверх 1 м3;144837;25000;11000;16000;;4,5;1,6;1,67;11;8,64;6,782;11,4944;;;;;16,83;21,5424;500;0,25
00-00002038;Станция Тверь-3ПМ (18 С 620);шт.;1;191 600;191 600;Тверь-;3;18;;;620;Тверь сверх 1 м3;147532;26000;11000;16000;;4;1,6;1,97;10;7,56;6,888;11,9224;;;;;17,36;22,3944;500;0,25
00-00002039;Станция Тверь-3ПНМ (18 П 620);шт.;1;200 400;200 400;Тверь-;3;18;;Н;620;Тверь сверх 1 м3;154308;26000;11000;16000;;4,5;1,6;1,97;11;8,64;7,562;13,0304;;;;;19,53;24,9984;500;0,25
00-00002040;Станция Тверь-3НП (18 С 1020);шт.;1;188 100;188 100;Тверь-;3;18;Н;;1020;Тверь сверх 1 м3;144837;25000;13000;18000;;4,5;1,6;1,67;11;8,64;6,782;11,4944;;;;;16,83;21,5424;500;0,25
00-00002041;Станция Тверь-3НПМ (18 С 1320);шт.;1;200 400;200 400;Тверь-;3;18;Н;;1320;Тверь сверх 1 м3;154308;26000;13000;18000;;4,5;1,6;1,97;11;8,64;7,562;13,0304;;;;;19,53;24,9984;700;0,25
00-00002042;Станция Тверь-3НПН (18 П 1020);шт.;1;199 300;199 300;Тверь-;3;18;Н;Н;1020;Тверь сверх 1 м3;153461;25000;13000;18000;;5;1,6;1,67;11;9,72;7,396;12,4824;;;;;18,7;23,7864;500;0,25
00-00002043;Станция Тверь-3НПНМ (18 П 1320);шт.;1;211 600;211 600;Тверь-;3;18;Н;Н;1320;Тверь сверх 1 м3;162932;26000;13000;18000;;5;1,6;1,97;11;9,72;8,236;14,1384;;;;;21,7;27,6024;700;0,25
00-00002044;Септик Росток Мини;шт.;1;25 900;25 900;Росток;;Мини;;;;Росток;18130;12000;;;3000;1,277;1,1;1,639;2;1;2,817983836;5,306145036;;;;;4,3744545;6,8626157;500;
00-00002045;Септик Росток Дачный;шт.;1;31 900;31 900;Росток;;Дачный;;;;Росток;22330;14000;;;3000;1,68;1,113;1,72;3;1,5;3,706938897;6,613842897;;;;;5,7276128;8,6345168;500;
00-00000467;Септик Росток Загородный;шт.;1;46 900;46 900;Росток;;Загородный;;;;Росток;32830;16000;;;5000;2,221;1,305;1,878;5;2,4;5,504064878;9,243276078;;;;;8,83929629;12,57850749;500;
00-00002046;Септик Росток Коттеджный;шт.;1;55 900;55 900;Росток;;Коттеджный;;;;Росток;39130;19000;;;5000;2,362;1,438;1,967;5;3;6,320626955;10,45462695;;;;;10,49324125;14,62724125;500;
00-00002047;Биофильтр Росток плюс;шт.;1;33 000;33 000;Росток;;;;;;Росток;23100;14000;;;3000;1,68;1,113;1,72;3;1;3,706938897;6,613842897;;;;;5,7276128;8,6345168;500;
00-00002048;Септик Термит Профи накопитель 1.2;шт.;1;18 000;18 000;Термит Профи накопитель;;;;;;Термит;12600;12000;;;3000;1,34;1,16;1,565;3;1,2;2,845671562;5,309871562;569,1343125;12;1061,974312;22;4,519476;6,983676;500;
00-00002049;Септик Термит Профи 1.2;шт.;1;21 500;21 500;Термит Профи;0,4;2;;;;Термит;15050;12000;;;3000;1,34;1,16;1,565;3;1,2;2,845671562;5,309871562;569,1343125;12;1061,974312;22;4,519476;6,983676;500;
00-00002050;Септик Термит Профи накопитель 2.0;шт.;1;24 000;24 000;Термит Профи накопитель;;;;;;Термит;16800;16000;;;3000;1,595;1,155;2;3;2;4,305960175;7,623960175;861,192035;18;1524,792035;31;6,5146725;9,8326725;500;
00-00002051;Септик Термит Профи 2.0;шт.;1;29 900;29 900;Термит Профи;0,8;4;;;;Термит;20930;16000;;;3000;1,595;1,155;2;3;2;4,305960175;7,623960175;861,192035;18;1524,792035;31;6,5146725;9,8326725;500;
00-00002052;Септик Термит Профи накопитель 2.5;шт.;1;30 100;30 100;Термит Профи накопитель;;;;;;Термит;21070;18000;;;5000;2;1,155;2,005;4;2,5;5,219631795;8,886541795;1043,926359;21;1777,308359;36;7,85586;11,52277;500;
00-00002053;Септик Термит Профи 2.5;шт.;1;36 000;36 000;Термит Профи;1;5;;;;Термит;25200;18000;;;5000;2;1,155;2,005;4;2,5;5,219631795;8,886541795;1043,926359;21;1777,308359;36;7,85586;11,52277;500;
00-00002054;Септик Термит Профи накопитель 3.0;шт.;1;37 000;37 000;Термит Профи накопитель;;;;;;Термит;25900;19000;;;5000;2,3;1,155;1,905;4;3;5,53105931;9,26436931;1106,211862;23;1852,873862;38;8,4179925;12,1513025;500;
00-00002055;Септик Термит Профи 3.0;шт.;1;43 000;43 000;Термит Профи;1,2;6;;;;Термит;30100;19000;;;5000;2,3;1,155;1,905;4;3;5,53105931;9,26436931;1106,211862;23;1852,873862;38;8,4179925;12,1513025;500;
00-00002056;Септик Термит Профи накопитель 3.5;шт.;1;40 900;40 900;Термит Профи накопитель;;;;;;Термит;28630;21000;;;7000;2,41;1,19;2,005;4;3,5;6,206041265;10,24764126;1241,208253;25;2049,528253;41;9,4049295;13,4465295;500;
00-00002057;Септик Термит Профи 3.5;шт.;1;47 900;47 900;Термит Профи;1,8;7;;;;Термит;33530;21000;;;7000;2,41;1,19;2,005;4;3,5;6,206041265;10,24764126;1241,208253;25;2049,528253;41;9,4049295;13,4465295;500;
00-00002058;Септик Термит Профи накопитель 5.5;шт.;1;58 900;58 900;Термит Профи накопитель;;;;;;Термит;41230;25000;;;7000;2,22;1,65;2,395;6;5,5;8,179789249;13,23964925;1635,95785;33;2647,92985;53;13,400645;18,460505;500;
00-00002059;Септик Термит Профи 5.5;шт.;1;69 000;69 000;Термит Профи;2,2;12;;;;Термит;48300;25000;;;7000;2,22;1,65;2,395;6;5,5;8,179789249;13,23964925;1635,95785;33;2647,92985;53;13,400645;18,460505;500;
00-00002060;Септик Термит Трансформер 1.3 S;шт.;1;26 000;26 000;Термит Трансформер;0,5;2;;;;Термит;18200;14000;;;3000;2;0,785;1,555;3;1,3;3,249003199;5,887073199;649,8006398;13;1177,41464;24;4,70682;7,34489;500;
00-00002061;Септик Термит Трансформер 1.3 PR;шт.;1;31 900;31 900;Термит Трансформер;0,5;2;;П;;Термит;22330;14000;;;3000;2;0,785;1,555;3;1,3;3,249003199;5,887073199;649,8006398;13;1177,41464;24;4,70682;7,34489;500;
00-00002062;Септик Термит Трансформер 1.5 S;шт.;1;28 900;28 900;Термит Трансформер;0,6;3;;;;Термит;20230;16000;;;3000;2;0,8;2;3;1,5;4,279283336;7,639283336;855,8566672;18;1527,856667;31;6,048;9,408;500;
00-00002063;Септик Термит Трансформер 1.5 PR;шт.;1;34 600;34 600;Термит Трансформер;0,6;3;;П;;Термит;24220;16000;;;3000;2;0,8;2;3;1,5;4,279283336;7,639283336;855,8566672;18;1527,856667;31;6,048;9,408;500;
00-00002064;Септик Термит Трансформер 2.0 S;шт.;1;34 000;34 000;Термит Трансформер;0,8;4;;;;Термит;23800;16000;;;3000;2;1;2,1;3;2;5,12141391;8,81741391;1024,282782;21;1763,482782;36;7,392;11,088;500;
00-00002065;Септик Термит Трансформер 2.0 PR;шт.;1;39 400;39 400;Термит Трансформер;0,8;4;;П;;Термит;27580;16000;;;3000;2;1;2,1;3;2;5,12141391;8,81741391;1024,282782;21;1763,482782;36;7,392;11,088;500;
00-00002066;Септик Термит Трансформер 2.5 S;шт.;1;39 900;39 900;Термит Трансформер;1;5;;;;Термит;27930;18000;;;5000;2,05;1,05;2,11;3;2,5;5,401584113;9,202784113;1080,316823;22;1840,556823;37;7,851025;11,652225;500;
00-00002067;Септик Термит Трансформер 2.5 PR;шт.;1;45 700;45 700;Термит Трансформер;1;5;;П;;Термит;31990;18000;;;5000;2,05;1,05;2,11;3;2,5;5,401584113;9,202784113;1080,316823;22;1840,556823;37;7,851025;11,652225;500;
00-00002068;Септик Термит Трансформер 3.0 S;шт.;1;46 900;46 900;Термит Трансформер;1,2;6;;;;Термит;32830;19000;;;5000;2,19;1,2;2,07;4;3;5,962178266;9,946298266;1192,435653;24;1989,259653;40;8,99248;12,9766;500;
00-00002069;Септик Термит Трансформер 3.0 PR;шт.;1;52 500;52 500;Термит Трансформер;1,2;6;;П;;Термит;36750;19000;;;5000;2,19;1,2;2,07;4;3;5,962178266;9,946298266;1192,435653;24;1989,259653;40;8,99248;12,9766;500;
00-00002070;Станция Ergobox  3 S ;шт.;1;55 000;55 000;Ergobox;0,5;3;;;900;Ergobox;38500;14000;7500;12500;;1,555;0,785;2;2;1,3427425;2,784525;5,758125;556,905;12;1151,625;24;4,8650175;7,8386175;500;
00-00002071;Станция Ergobox  3 PR в комплекте с сигнализацией;шт.;1;60 800;60 800;Ergobox;0,5;3;;;900;Ergobox;42560;14000;7500;12500;;1,555;0,785;2;2;1,3427425;2,784525;5,758125;556,905;12;1151,625;24;4,8650175;7,8386175;500;
00-00002072;Станция Ergobox  4 S ;шт.;1;59 000;59 000;Ergobox;0,8;4;;;900;Ergobox;41300;16000;7500;12500;;2;0,8;2;3;1,76;3,613;6,973;722,6;15;1394,6;28;6,048;9,408;500;
00-00002073;Станция Ergobox  4 PR в комплекте с сигнализацией;шт.;1;64 800;64 800;Ergobox;0,8;4;;;900;Ergobox;45360;16000;7500;12500;;2;0,8;2;3;1,76;3,613;6,973;722,6;15;1394,6;28;6,048;9,408;500;
00-00002074;Станция Ergobox  6 S;шт.;1;69 000;69 000;Ergobox;1,3;6;;;900;Ergobox;48300;17000;7500;12500;;2;1;2,1;3;2,4;4,449;8,145;889,8;18;1629;33;7,392;11,088;500;
00-00002075;Станция Ergobox  6 PR в комплекте с сигнализацией;шт.;1;74 800;74 800;Ergobox;1,3;6;;;900;Ergobox;52360;17000;7500;12500;;2;1;2,1;3;2,4;4,449;8,145;889,8;18;1629;33;7,392;11,088;500;
00-00002076;Станция Ergobox  8 S;шт.;1;82 400;82 400;Ergobox;1,6;8;;;900;Ergobox;57680;19000;8500;13500;;2,05;1,05;2,11;3;2,604525;4,7509;8,5521;950,18;20;1710,42;35;7,851025;11,652225;500;
00-00002077;Станция Ergobox  8 PR в комплекте с сигнализацией;шт.;1;88 200;88 200;Ergobox;1,6;8;;;900;Ergobox;61740;19000;8500;13500;;2,05;1,05;2,11;3;2,604525;4,7509;8,5521;950,18;20;1710,42;35;7,851025;11,652225;500;
00-00002078;Станция Ergobox 10 S ;шт.;1;99 900;99 900;Ergobox;1,9;10;;;900;Ergobox;69930;21000;9500;14500;;2,19;1,2;2,07;4;3,07476;5,59795;9,58207;1119,59;23;1916,414;39;8,99248;12,9766;500;
00-00002079;Станция Ergobox 10 PR в комплекте с сигнализацией;шт.;1;105 700;105 700;Ergobox;1,9;10;;;900;Ergobox;73990;21000;9500;14500;;2,19;1,2;2,07;4;3,07476;5,59795;9,58207;1119,59;23;1916,414;39;8,99248;12,9766;500;
00-00002080;Станция Кристалл-5;шт.;1;80 000;72 000;Кристалл;1;5;;;700;Кристалл;52000;16000;7500;12500;;1,2;1,2;2,11;4;1,2;3,813459464;6,851859464;;;;;5,4016;8,44;500;
00-00002081;Станция Кристалл-5 Лонг;шт.;1;90 000;81 000;Кристалл;1;5;;;1200;Кристалл;58500;19000;7500;12500;;1,2;1,2;2,61;4;1,2;4,717122844;8,475522844;;;;;6,6816;10,44;600;
00-00002082;Станция Кристалл-8;шт.;1;105 000;94 500;Кристалл;1,6;8;;;700;Кристалл;68250;18000;8500;13500;;1,5;1,5;2,11;4;1,9;5,291509858;8,836309858;;;;;7,6171;11,1619;500;
00-00002083;Станция Кристалл-8 Лонг;шт.;1;114 000;102 600;Кристалл;1,6;8;;;1200;Кристалл;74100;21000;8500;13500;;1,5;1,5;2,61;4;1,9;6,545422147;10,93022215;;;;;9,4221;13,8069;600;
00-00002084;Септик Танк-1;шт.;1;34 900;34 900;Танк;0,6;3;;;700;Танк;24430;12000;;;3000;1,2;1;1,7;2;1,2;2,475;4,23;495;10;846;17;4,032;6,48;500;
00-00002085;Септик Танк-2;шт.;1;50 500;50 500;Танк;0,8;4;;;700;Танк;35350;16000;;;5000;1,8;1,2;1,7;3;2;3,687;5,776;737,4;15;1155,2;24;6,336;9,36;500;
00-00002086;Септик Танк-2,5;шт.;1;58 300;58 300;Танк;1;5;;;700;Танк;40810;18000;;;5000;2,03;1,2;1,85;4;2,5;4,5075;6,58295;901,5;19;1316,59;27;7,5816;11,037;500;
00-00002087;Септик Танк-3;шт.;1;75 000;75 000;Танк;1,2;6;;;700;Танк;52500;19000;;;5000;2,2;1,2;2;4;3;5,316;7,332;1063,2;22;1466,4;30;8,736;12,6;500;
